"conc.b"	"conc.a"	"fail.r"	"corr.b"	"corr.a"	"corr.theta"	"corr.ltheta.b"	"corr.ltheta.t"	"corr.ltheta.m"	"corr.ltheta.s"	"corr.ltheta.r"	"conc.a2"
"V2"	-0.558399705535329	-0.212626545609932	-2.30258509299405	-0.240457455217517	1	0.0896260288077536	0.515070985024246	2.38901689311016	5.5723822238238	-1.9339844057729	20	0.0757325538655332
"V3"	0.960571734457585	1.14542795562227	-2.30258509299405	0.888015960053699	1	0.0828603896071903	2.18156962423263	2.53843987559008	3.25427198893994	-100	0.569913719205779	0.474783564192188
"V4"	1.08793766028379	0.940997229862728	-2.30258509299405	0.521883139931808	1	0.142683923153253	-54.6486683088075	3.27592441159575	28.3344802441844	-0.0679791500912342	1.12607316952143	0.606280094146195
"V5"	-0.838791676635872	0.187684280341399	-2.30258509299405	0.921026905504415	1	0.105111397110208	1.70932315554075	2.46690887259411	1.80577518694225	-3.60889232461178	0.1	0.179728751273802
"V6"	-0.838480819631337	0.280851702026043	-2.30258509299405	0.60469868926602	1	0.146830197720675	-0.0496881031866506	2.4622152405236	8.54194007707832	-0.300151662227345	13.9620478471677	0.0823482356040669
"V7"	-1.34636235274423	0.231486017123087	-2.30258509299405	0.631348661635454	1	0.140007296287094	-2.81978359297571	2.59689546167288	11.407422519121	-0.197393770384119	6.73950680618061	0.0768914953791981
"V8"	0.724437554123048	1.19880065802604	-2.30258509299405	1.49233221321363	1	0.169394696198573	-3.70895691627726	2.7688931107178	12.7936260900817	-0.135758825514969	4.23578983487924	0.431456850622141
"V9"	0.726348834409458	0.308681188606337	-2.30258509299405	0.718538175939591	1	0.176840594954381	-5.39643868399095	2.78237123517486	13.1058957236534	-0.162846903559476	7.53738897363286	0.0440516682042202
"V10"	-1.01755620742464	0.455980349189058	-2.30258509299405	0.585117955853428	1	0.135227991699253	-0.339317567988994	2.38727736818142	7.1640560293857	-0.460682561555205	20	-0.004703510514599
"V11"	0.0941359800197427	0.205512381424732	-2.30258509299405	1.46720684316379	1	0.168022255468527	-0.466508835632581	2.48256312011744	7.38275837009543	-0.347188809649438	20	0.0544103764339098
"V12"	-0.319236439507129	-0.0725436306232684	-2.30258509299405	0.519788222886574	1	0.0739081421397751	-0.433867693676273	2.4782387453375	2.7148436768118	-1.08407579262636	0.1	0.0605208431831351
"V13"	-0.481784710686568	0.840497443472811	-2.30258509299405	1.15409772266231	1	0.113044601070281	0.785672141860338	2.44077077656374	7.13801517225289	-0.460037940315924	15.8253012050661	0.495237450092483
"V14"	-0.96682667339348	0.176724400409278	-2.30258509299405	0.840585830591302	1	0.092400754908112	1.69520853152759	2.51205198544004	6.39569101601379	-0.508301923494946	20	0.161989388081096
"V15"	-1.1921726052832	0.0454578464078793	-2.30258509299405	-0.00942996159156273	1	0.116890391065657	1.93372867580342	2.39706401994072	4.13309890026586	-100	20	0.357740497706899
"V16"	-1.72351645381841	0.0310233980818113	-2.30258509299405	0.592629747445786	1	0.0880398935930906	-0.285484619464402	2.43499970410772	3.14671172621583	-0.783099986913548	0.1	0.114226489974101
"V17"	-0.629645996732475	0.221347706748801	-2.30258509299405	0.353831872585451	1	0.24529520985383	-23.6783108669616	3.76286816715985	18.1042517320351	-0.0713428418867111	1.28266389966531	0.105214918053179
"V18"	-0.18963276025097	0.190740671490854	-2.30258509299405	0.997983780892809	1	0.188294986450267	-0.974727217197863	2.50958055230366	7.91685196897848	-0.321696322751064	20	0.0633404637099231
"V19"	-1.04485835837758	-0.0283907999996781	-2.30258509299405	0.288353137097092	1	0.115771657735074	-0.129698804651177	2.42581908536853	3.24729495176244	-0.492086031058328	0.10371808797015	0.40942858358917
"V20"	-0.618784062734894	0.150046258379384	-2.30258509299405	0.397963757377735	1	0.134226996563358	1.38073480487713	2.36696960141369	6.91890072307624	-0.454287803174482	20	0.336921260571714
"V21"	-0.423089950810955	0.458724998656086	-2.30258509299405	1.3469310720164	1	0.131027008652095	1.26556601462316	2.39662289998785	5.73976834567337	-0.502585761495588	20	0.159383874724017
"V22"	-1.57501058910461	0.311790180979932	-2.30258509299405	0.67922618217078	1	0.138705181843645	0.648839004527092	2.19468116594635	5.67326723086169	-0.347527036208222	2.05382393731801	0.143179426998327
"V23"	-0.925530956878644	0.066349546178792	-2.30258509299405	0.204480397323401	1	0.0794714211417141	-1.61964136602378	2.50888917130208	8.27224130364317	-7.44395345270643	2.00318012967131	0.393872018090641
"V24"	-0.973429523519725	0.477730458640839	-2.30258509299405	0.66432382143203	1	0.139407375246439	-0.932378346049754	2.42008906426141	9.15058069858276	-0.325342165331266	20	0.0181266607155904
"V25"	-1.78220530594286	0.0965144716704207	-2.30258509299405	0.651466401712427	1	0.0914897870404	-3.12026987868952	2.59904239169879	4.29098544658985	0	0.106989643206306	0.23715533232009
"V26"	-0.993689936990977	0.15643853089745	-2.30258509299405	0.711875811216386	1	0.104078635681826	1.33649406016686	2.46417804146411	2.71565832938822	-1.91722570278816	0.143338460393811	0.161902287019981
"V27"	-1.20433207401601	0.031127022371743	-2.30258509299405	0.411703466761809	1	0.0990333108937815	1.30074103147605	2.34791097851152	2.87960032968233	-2.09161841815917	0.1	0.153651747995962
"V28"	-0.187012878373021	-0.0227067433884389	-2.30258509299405	0.458430769099127	1	0.112007948017534	-3.69955502558756	2.6247516855515	13.2496510068039	-0.172276737900052	8.73959828996167	0.203374934513017
"V29"	-1.15400258623349	0.35472399634088	-2.30258509299405	0.857521944675228	1	0.118336687636109	0.730326275666979	2.40860699955985	7.66699417651847	-0.413250019067097	20	0.0936329958630996
"V30"	-0.371001607930049	0.292280510221344	-2.30258509299405	0.903123721477726	1	0.130881261833928	0.869689550715343	2.35989980323156	5.94657412444457	-0.560347063907013	20	0.0780866281232178
"V31"	-1.10676816480025	0.37551764077037	-2.30258509299405	0.451481148394033	1	0.106750891070583	-1.71881362912391	2.38493306996285	3.06495449430603	-0.862412409028827	0.1	0.0228000366450372
"V32"	-0.272129909306124	0.10035041465181	-2.30258509299405	0.556063902900497	1	0.137599690959167	1.22727042001574	2.38773964620074	6.35888668659037	-0.456407319209048	20	0.213300255254273
"V33"	-0.709091720626887	0.508805453546306	-2.30258509299405	1.10806766392954	1	0.123049548437903	-3.93679354616841	2.376457253231	3.02939658721071	-0.564710538337463	0.1	0.0595032086769118
"V34"	0.731244899593813	0.532602216921457	-2.30258509299405	1.62863804674298	1	0.199712072161228	-1.38659502916912	2.47739878737349	8.80305595739865	-0.274802057434493	20	0.0113466744784187
"V35"	0.0013528052111648	0.205925250570629	-2.30258509299405	1.0047851919659	1	0.193621354220228	-9.5553504242575	3.03375781789709	13.5375563591978	-0.113089588652098	2.32232213476056	0.0790712516561457
"V36"	-0.472433207187697	0.248188360820168	-2.30258509299405	1.23459643940382	1	0.174339980779258	-0.0300218889726668	2.50200452720831	7.39145610270343	-0.334287780414164	20	0.0538181878497352
"V37"	-1.74631117312803	0.192034577597102	-2.30258509299405	0.526835684424231	1	0.131876513291881	-4.03530346726105	2.61709783025432	5.39799492053753	0	0.109786117274758	0.360230935315118
"V38"	-0.88341820700011	-0.0227216490115519	-2.30258509299405	0.545538681521056	1	0.0976621262660018	0.833590989651474	2.47361365196149	2.40511818546577	-1.092439278356	0.1	0.182017693716418
"V39"	2.00362419194056	-0.735504878480127	-2.30258509299405	0.704244800893325	1	0.202871778339043	-2.27649447760894	3.88164708539802	8.7787152218104	-0.139736108114587	4.86867344088966	0.173141576672098
"V40"	-1.24601733812597	0.162359129313045	-2.30258509299405	1.10282100798556	1	0.128390620159388	-1.35510885853058	2.51670904043139	10.0989112459036	-0.260275490811713	20	0.0649225557447874
"V41"	2.82306592181416	-0.0399082621961972	-2.30258509299405	-0.831237366455277	1	0.165238067041617	0.791224118220052	2.64337211042626	6.38586581643779	-0.440830440795772	20	0.0253801867138568
"V42"	-0.793462290599397	0.0777927246171345	-2.30258509299405	0.343883585525491	1	0.0775597278913831	1.24533947411472	2.43213231991302	6.06471378830084	-0.686990896601511	20	0.0895600427391345
"V43"	0.0914309925167448	0.41371477231441	-2.30258509299405	1.39890224498154	1	0.123987902161514	-1.87639598441012	2.38920754714731	2.22836789022566	-0.954923680148309	0.108690567043473	0.0135100173385061
"V44"	-1.01278502125563	0.506688771352433	-2.30258509299405	0.711255153078955	1	0.132491197458179	-0.205330585352917	2.55607559928801	8.24021958934247	-0.293031769690687	9.60941995201705	0.0140772318363782
"V45"	-0.58462299803124	0.155306925662547	-2.30258509299405	0.619438574226582	1	0.122305375456663	-0.0861964438570661	2.3582418247803	2.33769948426002	-1.22340960289045	0.1	0.0965285529507006
"V46"	-1.78478424260575	0.0363077245408334	-2.30258509299405	0.420516938478374	1	0.100458650329053	0.840433873644335	2.3198607668769	2.99612072508868	-1.19371099181947	0.1	0.139945448095278
"V47"	-0.416353818312565	0.047774531405801	-2.30258509299405	0.428855362202117	1	0.0925094271392946	-2.31687782838477	2.52074858359235	2.99674929123731	-0.587444150043398	0.1	0.18154995703031
"V48"	0.512026186116401	-0.0609459803420114	-2.30258509299405	-0.0676273872988089	1	0.183424461662939	-0.608701318915679	2.48183581122089	7.90295376531628	-0.352220791402176	20	0.0788478999899025
"V49"	0.881649390039805	0.631983808236129	-2.30258509299405	0.272934132431104	1	0.19872718309282	-2.41232618471968	3.24476065106103	10.286269834453	-0.135436652580031	3.81043316796431	0.222360696147881
"V50"	-1.35100598154782	-0.17462665354525	-2.30258509299405	0.257873807828497	1	0.0937963070405699	1.9174707414883	2.38827449311311	5.85006853277079	-0.944520324565238	20	0.287427674447621
"V51"	-2.04997045445124	-0.0055995122409308	-2.30258509299405	0.559208825600661	1	0.120531107232541	1.85706175843397	2.13778461292404	3.6078787763448	-100	20	0.261676799939482
"V52"	-0.388739013260608	0.478617290533374	-2.30258509299405	1.14934259531021	1	0.130218428721972	-0.671579750631302	2.37308364846204	2.172178756852	-0.970787014605677	0.1	0.180834639807397
"V53"	-0.425987424879794	-0.49614373010454	-2.30258509299405	-0.088329065931039	1	0.0467682298340445	2.21116135650398	2.53352818690333	3.28704377938279	-70.664980917329	0.1	0.154259497249934
"V54"	-0.00325534868291154	-0.295191606666185	-2.30258509299405	-0.440777812284428	1	0.125910595735738	-0.435275608867837	2.4137269712854	7.21419341056062	-55.4199361902619	0.448082581964228	0.508851137187512
"V55"	-0.839021856954599	0.0193215032577468	-2.30258509299405	0.510260185553907	1	0.092378460281558	2.31601927431012	2.55850639515423	0.875837203267195	-5.46661753873057	0.1	0.343376612645263
"V56"	-1.13582589273912	0.483191215825912	-2.30258509299405	0.421242640217457	1	0.125920418697437	-0.0467956538773138	2.34952592321548	7.42736850968586	-0.485386896807793	20	0.0133180065280484
"V57"	-1.49184438932248	0.181052448406592	-2.30258509299405	1.29402102125054	1	0.0973802729885777	-0.252991097392657	2.4630605536933	3.33311077676554	-0.412701045203598	0.311721652715333	0.160559311350884
"V58"	-1.08211777878256	0.11270887769212	-2.30258509299405	0.434942971096592	1	0.102466432307937	-0.523236442278993	2.49841572392175	3.02464857582022	-0.88632963020202	0.1	0.128261442300588
"V59"	0.54558047056339	0.036246205080353	-2.30258509299405	0.777151876630496	1	0.141171136351807	-0.933445722312071	2.60579265981158	8.51088039643586	-0.274829200071421	10.9456479026929	0.0556025190623358
"V60"	3.39348541999825	0.0598486037331702	-2.30258509299405	0.463350580091862	1	0.196876556118363	-26.873415112998	6.1970410192695	15.1793138127134	-0.0536877729388576	0.831527683676064	-0.0156421729989559
"V61"	-0.872656358026701	-0.46467147284416	-2.30258509299405	-0.31358752377649	1	0.103561324025861	-2.65588317160368	2.48384433333457	12.3207176931147	-0.423592300538096	20	0.350639108950841
"V62"	-1.05789766690373	-0.0190702700398798	-2.30258509299405	0.517179146681013	1	0.0886721949426478	0.183721603512693	2.40002791785672	3.09737693926441	-3.0238504041412	0.1	0.063577473233495
"V63"	-0.418794638970215	0.285472109379863	-2.30258509299405	0.6475949841055	1	0.154128443926829	1.09798952220739	2.26908208927796	2.00187537363017	-3.60908007391878	0.1	0.18605632655355
"V64"	-0.305780626629741	0.125209809081913	-2.30258509299405	1.08849481060013	1	0.143488188950286	-4.59782601553571	2.82387498992205	11.2856064381344	-0.164713393247136	4.56998582068897	0.0519808886510109
"V65"	-2.1884444543711	0.224932533006495	-2.30258509299405	0.784633407140333	1	0.0971515035910792	-2.9672049633536	2.59632519651	12.6025394393662	-0.208314912712524	8.56031078552459	0.0609465970345937
"V66"	0.400028006270698	0.0578151265743862	-2.30258509299405	0.453076244061716	1	0.167563200550731	-0.235581523907172	2.39537624633285	6.25279609208798	-0.508759283299162	20	0.028262428600411
"V67"	-1.05191877784021	0.121212072166658	-2.30258509299405	0.46017118559436	1	0.106182304610603	0.569447082316828	2.3540865794869	2.91724396788238	-1.70451114750311	0.1	0.12404674107727
"V68"	0.744371013686474	-0.215261682849426	-2.30258509299405	0.172934408170681	1	0.121084853274528	-1.82721091604977	2.84099951274029	9.95803047213985	-0.163849616283231	3.09358639410674	0.279393039906267
"V69"	-1.79267216410791	-0.00183558109748834	-2.30258509299405	0.320473449321878	1	0.113062948463207	-0.764364791700311	2.31471058985429	3.71533497215223	-1.08766453591181	0.1	0.138191635572255
"V70"	-0.825515644250001	0.228144143752255	-2.30258509299405	0.515016481643644	1	0.12632343510987	0.584755743063713	2.35593412688876	2.71689783640826	-1.88823031643831	0.1	0.132354426672581
"V71"	0.708043854915712	-0.210220199234966	-2.30258509299405	0.0652373928764192	1	0.136574826044326	-2.37664150937577	2.5847326787823	4.47305493006287	-0.279979989521495	0.488880732365771	0.0903569191003665
"V72"	-1.10920739133656	0.0834078398927441	-2.30258509299405	1.33784728674447	1	0.194047739051193	-0.4682989260686	2.42423128693383	7.1020374428347	-0.347926255106843	20	0.0592893012899861
"V73"	-0.487461987891569	0.156729745451118	-2.30258509299405	0.99527866866457	1	0.118021127560624	0.811641488946141	2.51315535402431	6.82697819918515	-0.405612642408882	20	0.0529636095881265
"V74"	-1.23154761201021	0.00108975160565074	-2.30258509299405	0.239221188149898	1	0.111645040716285	1.08734941645939	2.35080210000205	5.19624921209284	-1.25981327548322	11.0132896795453	0.191293135905173
"V75"	0.53346797997772	0.31057440205489	-2.30258509299405	0.859146827307424	1	0.185437427195924	-0.310324852619772	3.06028261373962	-1.46605075936407	-0.664332327964797	0.1	0.152027938243866
"V76"	-1.05130465967156	0.0052107232804594	-2.30258509299405	0.526011232265354	1	0.0698593843893817	0.777091183292898	2.42979717531513	6.20607695941921	-0.809617808469163	20	0.0561911083055302
"V77"	-1.42566972542685	0.3204523593913	-2.30258509299405	0.363307068844848	1	0.119414407012446	-1.22254139942773	2.32723842215962	4.02268804754463	-0.546936980608714	0.393442937865609	0.0473352930739937
"V78"	-1.74328457943252	0.288727640362026	-2.30258509299405	0.528611211220839	1	0.0889152000745843	-0.497543248880198	2.27080709031495	4.55280229473303	-5.64830398565262	0.1	0.0323875970791753
"V79"	0.901431949258399	0.438701154360177	-2.30258509299405	0.908815192586062	1	0.187211775692218	-4.22336347656792	3.32530528571166	11.7577215866147	-0.108289346722226	2.86387610134111	0.198096438827408
"V80"	0.809234565708337	0.511265978214807	-2.30258509299405	0.790021256184728	1	0.154669101378014	-1.20836079577151	2.50650987126093	7.52070954426063	-0.278143658716781	4.96590729519454	-0.0249336914026534
"V81"	-0.0328809277106134	0.0145636847269079	-2.30258509299405	-0.152042950692779	1	0.181186606494754	-0.148843970393429	2.3857529694751	7.10121457147732	-0.437510682998253	20	0.0529471169573594
"V82"	-0.0564257016523511	-0.00433331291698835	-2.30258509299405	0.297013636056143	1	0.0625383828804654	-2.71720948226251	2.5185106415685	3.75932710934939	-0.69079780510664	0.1	0.133365852006974
"V83"	0.11762052519288	-0.358489932858148	-2.30258509299405	-0.291315378912839	1	0.211266351238413	-4.50475657547754	2.28789699917193	2.29236073902221	-0.426407143968164	0.1	0.20027877875625
"V84"	0.14803993670126	-0.0628754071796565	-2.30258509299405	0.0962793320810479	1	0.201686453659138	0.376798713395942	2.49847128300626	6.79390099342769	-0.298287144220663	9.55746762622088	0.163528404703039
"V85"	-0.999743701361195	0.00989820572758171	-2.30258509299405	0.972691513228641	1	0.174847927092716	-0.596709111742089	2.34814251587551	6.54399776768516	-0.437697866412324	20	0.0606412467402181
"V86"	0.336378714508682	-0.0665238940742407	-2.30258509299405	0.251362371349609	1	0.252926098040673	-0.37891774051164	2.56980051032839	7.96341691665744	-0.285870387980906	20	0.0898979014881516
"V87"	-1.83727802242963	-0.000516842438421854	-2.30258509299405	0.159587729080016	1	0.145365042589355	1.23945335738237	2.07176664036658	3.29503483253204	-5.15306188858476	0.1	0.223772933599376
"V88"	-1.55903750749373	0.112027112916747	-2.30258509299405	0.872861752891931	1	0.269138000135899	-0.573828340632917	2.69465691435152	8.38196988000513	-0.228072576462629	16.3755448235192	0.0778429663463483
"V89"	0.631858192790064	0.576921089608519	-2.30258509299405	1.12111234040884	1	0.137024240426679	-4.17647164722647	2.85235553507064	12.8288121370485	-0.134137933431721	3.662357965406	0.258170034183621
"V90"	-1.33264880324589	0.144448780912479	-2.30258509299405	0.513705430130063	1	0.0678310353501084	-3.15098503019757	2.43940772379006	4.52759254957144	-0.760939277995945	0.1	0.0750896576461798
"V91"	-1.47248747527441	0.136015863619985	-2.30258509299405	0.533630482069721	1	0.117004125239097	1.08789087282001	2.24868107366906	3.35060338337626	-11.1816015429088	0.1	0.067975392769497
"V92"	-0.608746040821307	0.0596469717700002	-2.30258509299405	1.1301484764811	1	0.21241588092618	-0.817268774221287	2.37223446839545	6.65141965123456	-0.391777547645959	20	0.0828837072837324
"V93"	-1.34683620048753	-0.0398601040835956	-2.30258509299405	0.222454080102826	1	0.0987800676773651	1.71418325263272	2.43148330902567	3.24489324754353	-5.49763363237507	0.1	0.121568231465789
"V94"	-1.0968105870934	0.0505037823754554	-2.30258509299405	0.462399529697681	1	0.117865676984769	0.735835602292258	2.35296889588594	3.08608214601274	-1.88210583843606	0.154362941491949	0.114971489307344
"V95"	0.544032931051028	0.0576482245143263	-2.30258509299405	0.900177180093065	1	0.199824800114734	-34.2566627532648	5.6329934078721	26.6000651494126	-0.0436448145428426	1.31987655354696	0.102396607133613
"V96"	0.0754426520807186	0.0277421362304816	-2.30258509299405	0.552875808194248	1	0.0848407204741575	1.15067619530979	2.41679569563899	6.31338204151137	-0.621095478956854	20	0.0998390873964687
"V97"	-1.71416860371115	-0.293170728048707	-2.30258509299405	0.0527378671449951	1	0.0765461783778094	0.9326881476397	2.3717065005895	3.87594769758679	-1.40541820161302	0.1	0.231831238906286
"V98"	-0.975638775282711	0.171514648910409	-2.30258509299405	1.02504856422204	1	0.117642702011147	0.0742150610065907	2.475284193195	5.96733002229143	-0.396978106349395	4.58647031295337	0.0963866538398747
"V99"	-1.12928197577474	0.0642088403736743	-2.30258509299405	0.849975527008657	1	0.105039870000188	0.215329073208402	2.45966673875976	2.41708044661365	-0.768578362420762	0.1	0.185747163539877
"V100"	-1.04558280961368	0.0468570319561019	-2.30258509299405	0.840688729553368	1	0.180160705933123	-0.960479581249924	2.53396587010577	7.65999670846317	-0.346877787686326	20	0.072253576808182
"V101"	-0.72811266022719	0.0570371459244675	-2.30258509299405	1.25834947391963	1	0.217871005596738	-0.743837289656218	2.30246861826039	6.46760394386602	-0.423566352418099	20	0.080588934940866
"V102"	-1.86125292167339	0.356204871530197	-2.30258509299405	0.840569994524638	1	0.137892825414118	-5.17391196209702	2.20247138542216	4.51634381964355	-0.310511616290056	0.235971200993944	0.152566852310228
"V103"	-2.06196288414385	-0.0150423491665656	-2.30258509299405	0.487807029227818	1	0.0963527254031211	1.42386211746888	2.36402635986	3.79550412855727	-100	8.09753112839339	0.136280129716027
"V104"	-0.315657929320045	0.363438946487057	-2.30258509299405	1.31480134072506	1	0.107984044360081	1.49822415727876	2.43392451340951	5.2634255855478	-0.625388250062012	18.3055551653986	0.217614318202583
"V105"	-0.701858302414918	0.383157947156226	-2.30258509299405	1.05258504715703	1	0.311393429424256	-5.60076269532936	4.97269173291655	1.38661704245256	-0.0846921323184916	0.609371793503066	0.139525390315977
"V106"	-0.00161547345154615	0.187559986660872	-2.30258509299405	1.13285183044446	1	0.212952094616026	-1.0640861443212	2.55024891828338	8.03562846004231	-0.259243230186658	12.301511164277	0.0507023687546721
"V107"	-0.839335604728582	0.323331116634195	-2.30258509299405	1.17544655931812	1	0.100369889649132	1.54637593496875	2.41783390392302	2.0377597428761	-2.09725042453668	0.1	0.176922393651629
"V108"	-0.862688345432833	0.403110513626044	-2.30258509299405	0.422696254029331	1	0.111826386404157	1.58295691302599	2.36599136572409	5.05390019145402	-3.64854633095601	20	0.495203470654319
"V109"	-0.265236258412962	0.158604851039813	-2.30258509299405	0.342036079686325	1	0.123844772457215	-5.38292047785373	2.58279919095057	12.912643095378	-0.168481874630408	3.04498430692174	0.440212646294875
"V110"	0.4502077838533	1.07954820778048	-2.30258509299405	1.08942508426032	1	0.122324532001146	-1.88131937037233	2.52787309125672	11.7885610015807	-0.263250230928152	13.7608506038768	0.440137580247664
"V111"	-1.88385264262293	0.0889230807793766	-2.30258509299405	0.589890139227316	1	0.134299972860349	1.89543210662589	2.14179391446252	1.11054157697401	-10.981831238787	1.69461973873313	0.327550264943412
"V112"	-2.08074840147461	0.599478575648324	-2.30258509299405	0.619285061073424	1	0.10554559960696	-0.630149659256052	2.31389926046298	3.1663419279681	-1.3511592916124	0.1	-0.00579043147398991
"V113"	-0.456151613949295	0.306424353225007	-2.30258509299405	0.41211503391491	1	0.16800160330906	0.512637406296223	2.14923972326656	2.82618574563957	-3.99605751140789	0.108068718344719	0.0976331057104509
"V114"	0.931200980715615	0.807467078557538	-2.30258509299405	0.232210574349687	1	0.139443523821363	-5.12889081031484	2.61366010494929	14.8299654508498	-0.190143042582195	12.4702034462574	0.478532503355122
"V115"	-0.910690541986193	0.0368344891289751	-2.30258509299405	0.340034404347675	1	0.121684632531077	0.582035700142892	2.3890069421479	2.64066297656763	-1.38545860225272	0.1	0.233212337051613
"V116"	-0.712780011704057	-0.0517337460563942	-2.30258509299405	0.229313628639176	1	0.124664179613305	2.04335449009387	2.47028764632001	0.144098957656306	-1.60004626080385	0.1	0.464382222418051
"V117"	1.70274210467206	0.0869965275862997	-2.30258509299405	0.213490820539527	1	0.23311178786335	-1.97883214022201	3.30930428942715	7.62377637715987	-0.141748643068355	2.65551348732061	0.011625647363075
"V118"	-0.559887209392538	0.271845932860979	-2.30258509299405	0.476067197687136	1	0.119954606057171	-4.60714136690795	2.545769816465	15.3205715454902	-0.195235780176996	20	0.376731395120917
"V119"	-1.37903929847447	0.292670399781617	-2.30258509299405	0.917364216614926	1	0.138677799207606	-0.0277587032183827	2.4568716396277	8.13657057334433	-0.332613730553323	20	0.0288553671604759
"V120"	-0.800562048235965	0.117488142809117	-2.30258509299405	0.477717640531152	1	0.341000313044016	-4.02110675328147	2.64889005646737	-0.411194933067836	-0.463479313952362	0.1	0.181814418369746
"V121"	1.34912623457889	1.48889157134962	-2.30258509299405	0.996054393053528	1	0.117312286565979	0.723447474507217	2.51917153601191	3.19545561197345	-1.38644074996925	0.1	0.642844940668272
"V122"	-0.744538906785312	0.418146730790259	-2.30258509299405	0.34957997345356	1	0.128820375788609	-31.6974870372703	2.39949330791366	15.3679379869747	-0.1432925116744	0.284927833924862	0.35933800791499
"V123"	-1.44623697619086	0.381922314380964	-2.30258509299405	1.2192955919602	1	0.216916803107169	-31.6632079015745	5.27950454081879	29.1363255504114	-0.0478489932621944	2.27420892896258	0.130472272180818
"V124"	-0.795207213308153	0.278000910566029	-2.30258509299405	0.722375151331953	1	0.227095591229582	-7.90098730767335	3.14961260193921	6.62857909580539	-0.11119951173141	0.571228560458962	0.283283714576207
"V125"	2.78572038490284	-0.190302465549043	-2.30258509299405	-0.150194143016471	1	0.206137409929755	-2.61293886915584	3.16614969371597	-0.234638483775354	-0.539052140973298	0.1	0.00893916962842154
"V126"	-0.877080352696342	0.441389097107535	-2.30258509299405	1.30161611984821	1	0.120058817101113	1.29697485561964	2.3670850250822	5.30637626859536	-0.660289905697551	20	0.0821460334103911
"V127"	1.56484520958446	1.87784164843683	-2.30258509299405	0.722490627610872	1	0.149556981236788	0.686734174884434	2.43865011903835	2.61806615722426	-1.61419434507645	0.1	0.738353335593093
"V128"	3.24986121432062	-0.906783779388191	-2.30258509299405	-0.936186859903029	1	0.205126026860133	-0.641811787169612	3.09063171777053	1.03762076752534	-1.6467722976223	0.1	0.127581097805652
"V129"	-0.859031055020116	-0.255086524695619	-2.30258509299405	0.215374011734773	1	0.080604583348453	1.73829506161484	2.46890816986764	3.9253778222706	-100	20	0.116536166731923
"V130"	-0.997633951580425	-0.146223586279555	-2.30258509299405	0.169636069407796	1	0.0737611083645575	2.01242412705734	2.51677939465225	2.92455784276865	-4.75522984477107	0.1	0.168222598891274
"V131"	-1.39856988401711	0.195266286099072	-2.30258509299405	0.454840156587876	1	0.116467345716294	0.71525338600572	2.35141383062684	7.52322830086812	-0.470003411050349	20	0.0873061644520498
"V132"	-1.50594138632379	0.238218600707703	-2.30258509299405	0.853219967455699	1	0.124118593232882	-4.99288178258869	2.52120898449287	13.0379394293786	-0.180989524948064	7.23715233982949	0.0803729377770289
"V133"	-1.52165805571997	0.453373936312645	-2.30258509299405	1.00748393660457	1	0.148831231820329	-3.66744621474583	2.57532085569869	11.6941601537034	-0.20166702610244	10.0803137096012	0.0475691912059791
"V134"	0.516423912640424	0.232857756582447	-2.30258509299405	0.329332954376693	1	0.185034941445217	-7.58502781859058	3.07529613547343	13.4812016565303	-0.12559058619472	3.59545068437272	0.0350543412773517
"V135"	-0.477963814771425	0.447058385133696	-2.30258509299405	1.17070782486898	1	0.143400607197893	0.250094620919587	2.4227639793143	7.55275457361617	-0.348854399437912	20	0.0157724324184305
"V136"	-0.579949117494912	0.107809150668047	-2.30258509299405	0.327381152985045	1	0.157072864625569	0.63050318515362	2.34589924909799	7.81991062448269	-0.357330410074918	20	0.117359130759488
"V137"	-0.563486807863353	0.179609700085264	-2.30258509299405	0.666084909737216	1	0.0901383324740813	2.41615940778914	2.58897288221922	1.01474956847649	-6.5633320331382	0.1	0.291838912999631
"V138"	-0.328948777950308	0.200845001147348	-2.30258509299405	0.362210280140413	1	0.179751393290035	0.252488492217392	2.37799073478028	8.65423924451926	-0.289477942736066	20	0.0820448987960189
"V139"	-0.547234901261137	-0.139432635017192	-2.30258509299405	0.532077174431199	1	0.0870255286405605	2.33741216535129	2.55578138727623	1.7160155761682	-14.5437048752783	0.1	0.280094894314376
"V140"	-1.13548325115123	-0.5432294267705	-2.30258509299405	-0.331447186630934	1	0.109586094611211	1.30344567020286	2.32957798328444	3.5553302347336	-2.82064463731887	0.1	0.189566389951997
"V141"	-0.850537002301129	-0.181618740111734	-2.30258509299405	0.435356386768201	1	0.0726974456874683	1.11605132050927	2.41547132281192	3.8545927847681	-5.49375767379836	0.1	0.086231708717349
"V142"	0.322303369127928	0.373126663924163	-2.30258509299405	0.587915338407295	1	0.170328959183447	-0.673714407963027	2.53069551502197	8.6681220169126	-0.301140545506177	18.4336244292966	0.217450203866663
"V143"	-0.977221219675814	0.275777844799084	-2.30258509299405	0.281267553594019	1	0.112611476938162	0.792093135455633	2.40591002395907	6.08890009169714	-0.756352970783608	20	0.0433677747662686
"V144"	-0.306423810063195	0.411122503117304	-2.30258509299405	1.20243284871199	1	0.142082207503904	-3.17276712412065	2.63851102758009	11.5923456765664	-0.202360316567704	9.73342986356074	0.0594184909227139
"V145"	-0.873596903897708	0.261400234549675	-2.30258509299405	0.346301921346548	1	0.144832716240775	1.94229818553842	2.33888453501116	1.31787942130126	-3.89162519387461	0.1	0.3381996280722
"V146"	-0.270874173270714	0.170597511779855	-2.30258509299405	1.33125477748088	1	0.132941021848012	-0.50579852095833	2.51148556197625	8.396678609899	-0.298473564394432	20	0.0543501355105891
"V147"	-0.737612321723839	0.0568159322058703	-2.30258509299405	1.11392283618993	1	0.22879312028087	-0.878976524279948	2.46850373643336	7.36006637979199	-0.323312052685815	20	0.072869965639072
"V148"	-0.706747142134125	-0.142877449011922	-2.30258509299405	0.182846642505599	1	0.0630912555946441	-1.17512198320432	2.54833633814513	4.11529150177322	-0.733893576665674	0.1	0.16991880298588
"V149"	-1.18403392801095	0.336123617157865	-2.30258509299405	0.705736251585457	1	0.149504874083964	0.424045127834358	2.49500234150755	8.87499236217278	-0.257117086614566	14.6910333484758	0.0950889963733027
"V150"	-0.676666615423463	0.00429777512270488	-2.30258509299405	1.06701616289717	1	0.275970312393481	-0.77860935508324	2.51933424973452	7.14062709067475	-0.312419842452894	18.8664752228313	0.114355078259483
"V151"	-0.540709788808951	0.516514466311314	-2.30258509299405	0.463673908560713	1	0.120548377401141	-2.7888176128598	2.42097580384283	14.224431043099	-0.220829739976426	11.8897324256518	0.492300901541568
"V152"	-1.09364117617065	0.223457668378184	-2.30258509299405	0.355273464956611	1	0.122882168026492	0.496142632664976	2.32572739181499	7.38438583211969	-0.422849216651054	12.5219544940777	0.101753156223263
"V153"	-1.3763525214975	0.335538288150889	-2.30258509299405	1.3650506981691	1	0.0938194058554747	-1.51846039005015	2.62191157137663	11.2862815343474	-0.240611209879257	20	0.0257046706439021
"V154"	-0.748529903764709	-0.0511275821858641	-2.30258509299405	0.531768054468175	1	0.0657786692539327	-6.3922442916339	2.51182667248122	4.01613278658455	-0.593598304765142	0.1	0.0713116554278028
"V155"	-0.864487867661467	0.349404316274499	-2.30258509299405	1.03611102196533	1	0.139838330267596	0.549695343176077	2.2507058316755	1.96818830583091	-2.13224543059288	0.1	0.0638550299741392
"V156"	-0.48983780773552	-0.121795238771613	-2.30258509299405	0.250815782902239	1	0.0979846181688493	0.737054947540742	2.39117036877485	2.46558027269808	-1.4236045417272	0.1	0.140072018478692
"V157"	0.827374166663317	0.266602810281048	-2.30258509299405	1.11947335900485	1	0.171844842005149	-2.31556521125276	2.79668125694288	10.7297058691331	-0.190947547824612	9.95088698750791	0.122999454485554
"V158"	-1.35911958925837	0.122078817636923	-2.30258509299405	0.667104197156537	1	0.0864746340553959	-2.82960938509294	2.4641438161132	3.18111175693388	-0.541324619196656	0.1	0.14779023944607
"V159"	-0.28790518691859	0.144045606672037	-2.30258509299405	0.40847888325215	1	0.116786992323876	-10.4292043649686	2.51766211452049	4.22556130743975	-0.328929943333793	0.1	0.218810133317429
"V160"	-0.712158965531099	0.0879039590133629	-2.30258509299405	0.4155138192459	1	0.166760461163431	1.21748672510594	2.31091363036481	6.5848133767124	-0.394461421717613	20	0.274797997956436
"V161"	-0.0231429804773592	0.259390401605267	-2.30258509299405	0.401542829771944	1	0.149002662468122	-1.65004281812541	2.41443706762631	9.07648437624245	-0.313612951671067	15.7191780536793	0.031001839445902
"V162"	-1.02021803721921	0.287352117871101	-2.30258509299405	1.01061155073499	1	0.0872019700399442	1.44936395213794	2.45680132222224	2.44713427617474	-2.35369032599475	0.1	0.10545429826974
"V163"	-0.996699041484177	0.157176962552168	-2.30258509299405	0.771657252914206	1	0.1221393307721	0.286601371871038	2.2964937830909	2.0398128329143	-1.59895299730858	0.1	0.0879354788032826
"V164"	-0.208898315070446	0.538481253362304	-2.30258509299405	1.24712648231293	1	0.150014756530568	-2.37160410203375	2.46605454592278	2.27705671450045	-0.445512883143946	0.201741930947238	0.240231493436643
"V165"	-1.14002873221561	0.344990778838344	-2.30258509299405	0.673542507688781	1	0.110560429855033	0.96148644673563	2.2875696749684	3.8884719712556	-1.85814316950994	0.531435993976716	0.0794050357689063
"V166"	-0.945404676875164	-0.00340934610886549	-2.30258509299405	-0.0815852495510525	1	0.109368046937039	-0.374477676939109	2.33763624631278	3.69376177622249	-1.63676557356152	0.1	0.10726841131625
"V167"	-2.16510449854904	0.391089406879403	-2.30258509299405	0.702472875548372	1	0.115240325966998	-3.9562720029014	2.23590909832878	3.42720565150467	-0.65253187103422	0.1	0.0391668141133073
"V168"	0.0407772538923457	0.421714474495792	-2.30258509299405	1.15801373402868	1	0.182038533656214	-1.4150896059322	2.52912411063475	8.96842212358509	-0.235240806526604	9.76626986474104	0.0364445858805145
"V169"	-0.762126065618738	-0.000321207485748089	-2.30258509299405	0.80846606122856	1	0.11779658547052	-0.183928856070835	2.39993572637418	6.86644785444025	-0.472494607555845	20	0.0664688017881981
"V170"	-0.892409496407875	0.0994257386106246	-2.30258509299405	0.469570286211924	1	0.119780016109694	1.06387964450721	2.49030292001953	1.18472977369932	-0.798545834754858	0.1	0.25096383298843
"V171"	2.89148389183359	-0.299041190949332	-2.30258509299405	0.940464914558355	1	0.164403096946908	-5.11762259744406	3.85493574179012	8.64761812598343	-0.112405637945554	1.67929300584305	0.0345704186860776
"V172"	0.101249756370241	0.373691191301022	-2.30258509299405	0.815551303305517	1	0.149614914294238	-4.17610441501981	2.64045748927422	2.50975624255559	-0.27104083407293	0.188027732902937	0.174070445463043
"V173"	-1.58073562285367	0.0795463466523702	-2.30258509299405	0.707551235909799	1	0.0790217082755176	1.35583806251978	2.44400231995228	6.39404132868264	-0.636619062179671	20	0.165322716521649
"V174"	-1.85228056561332	0.287641383846815	-2.30258509299405	0.770056767440763	1	0.186400514887743	-1.37788793375821	2.05254508673783	9.83498626807947	-0.257455551585212	13.2121726674511	0.177703072635404
"V175"	-0.933156440637138	0.0153634378425234	-2.30258509299405	0.960963096058023	1	0.104455609469157	-2.00227459150058	2.60601266179423	10.7166541180606	-0.265602134612816	20	0.0726406898474082
"V176"	-1.67803002886708	0.418234410389887	-2.30258509299405	0.876736133288979	1	0.169185064202578	-6.24240956584485	2.77448200677031	13.2616086111249	-0.143695897667665	5.27988757915442	0.110503139039269
"V177"	-1.0690214853785	0.292654933676239	-2.30258509299405	1.2104972741009	1	0.380444625229809	-1.16976076331992	2.53280107333214	1.8322803724231	-0.337455134316915	0.820504699621183	0.149698678466959
"V178"	-0.873501281300553	0.000953360664984763	-2.30258509299405	0.378053142405032	1	0.105149107006551	-1.01633664860407	2.49849541965585	3.51674256370014	-0.495254840919298	0.1	0.291703599171273
"V179"	-1.35314657493536	-0.0712908999169719	-2.30258509299405	0.230698348397132	1	0.0926874895495298	-4.36691562876015	2.91080358846672	4.26089018909616	0	0.102675283736651	0.274137571404258
"V180"	-0.119397757375562	0.366636474195019	-2.30258509299405	0.784017458230863	1	0.177056076053202	-0.586022535884232	2.47002722288729	9.13190103621466	-0.273635142358739	20	0.0108027767030133
"V181"	-1.35897526460465	-0.13014830029267	-2.30258509299405	0.373374502614847	1	0.0869845917703471	0.150830202381144	2.3615096646335	4.15796672647694	-1.3567851090295	0.1	0.178966457464931
"V182"	-0.480392195964744	0.1219132935703	-2.30258509299405	-0.0734122619762628	1	0.15373186067618	0.749794470985015	2.33520187278853	6.18759247185614	-0.615286454948619	20	0.138184912207578
"V183"	-1.52921790743022	-0.0288696176964479	-2.30258509299405	0.35786437668418	1	0.106037626681497	-1.11872310721955	2.39564984214349	4.06774644622842	-0.950470776953938	0.1	0.194226156394483
"V184"	-1.4910906848932	0.356685582291277	-2.30258509299405	1.16022062930841	1	0.0967651713085005	-2.95852494511822	2.448866000152	2.95008578363746	-0.425226453804995	0.1	0.0879833710672592
"V185"	-0.193540237314494	0.291427109584295	-2.30258509299405	0.385055026651002	1	0.128497978266125	-0.839024153357815	2.46026856555059	7.3921307684963	-0.364294196451915	6.80682037765967	0.014572214069249
"V186"	1.6457061147807	1.10721428124388	-2.30258509299405	0.446573405183305	1	0.154104158183559	-4.62762167690276	2.69472985340642	14.1144615308688	-0.176022863640942	9.34833614889209	0.507890888635703
"V187"	-0.572906267442559	0.349170683597286	-2.30258509299405	0.564039124635623	1	0.150893580920213	0.177755691535016	2.35838824980298	7.40618349127215	-0.406243646558442	20	0.0343315967112147
"V188"	0.261792576182418	0.567225035187581	-2.30258509299405	1.04476751081982	1	0.147244861493499	0.263959810794496	2.59098087243708	4.29012655025017	-0.315533912165015	1.47442261469874	0.417083196268899
"V189"	-0.0626086109522098	0.239704963367801	-2.30258509299405	1.16103133879253	1	0.156473910141854	-1.2768117945189	2.54863026541891	7.87721059346522	-0.28379440133294	9.37215866226679	0.0579756751517848
"V190"	-0.717470301501194	0.264635789094299	-2.30258509299405	0.938933910147385	1	0.127817395401761	1.35987424399093	2.37541416786094	2.2831676521153	-4.03949294340209	0.1	0.15724887233918
"V191"	0.254392740113574	-0.0392086471411429	-2.30258509299405	0.940605265716429	1	0.242559495679833	-2.6584657075418	3.00855317637013	8.18861157562506	-0.180382733852593	4.54438194541129	0.0870408462167543
"V192"	-0.374207647946604	0.000182893980950888	-2.30258509299405	1.11504969662947	1	0.204125432731538	-0.465908466978416	2.34588976840692	6.1429896935813	-0.425029517573847	20	0.0704211328269221
"V193"	-0.647732225636927	0.19082117133246	-2.30258509299405	0.870484331461449	1	0.117789373302492	0.0722656462786331	2.46292033736833	1.76872590028536	-0.689915818098163	0.1	0.243065551300145
"V194"	-0.133329098740852	0.393420502833899	-2.30258509299405	1.19427168026454	1	0.137360392511363	-1.47623050376446	2.51418028675549	9.41927074717897	-0.297028063614096	20	0.0482194638644842
"V195"	-1.85952698695717	0.111236703554433	-2.30258509299405	0.60028988244966	1	0.106287428465373	0.258978430996413	2.20406235025655	6.99731932033545	-0.902080322398086	20	0.257983232710948
"V196"	-1.19121748744818	-0.0736257289760556	-2.30258509299405	0.709672845494831	1	0.0825953580866584	-2.18632224104584	2.45225570870422	2.17241517986695	-0.358527671928313	0.1	0.248546718233616
"V197"	-0.111706974077431	0.497055610400107	-2.30258509299405	1.21401319814	1	0.140709495164239	1.20433596340943	2.45217244472427	5.95259455432692	-0.453695283995953	20	0.139061829652818
"V198"	-1.27585924686955	0.264290615881212	-2.30258509299405	0.711081388674371	1	0.184082889080079	-5.50580705731664	2.25945372760811	2.39119727483535	-0.373718469308551	0.1	0.1730018463212
"V199"	-0.518423211554777	0.205696176610142	-2.30258509299405	1.07215944923618	1	0.131796420601349	0.110982377052105	2.49705202365127	8.00604653720571	-0.31329739650703	16.6090551141303	0.0543035644305789
"V200"	-0.984068873987071	-0.332917175608294	-2.30258509299405	0.266331207943005	1	0.098233698674602	-2.74578380306008	2.37800201940006	3.05112614738815	-0.807443926572758	0.1	0.0963685846549005
"V201"	-1.32688461652681	0.389348962853199	-2.30258509299405	0.357317411564334	1	0.13909679960392	0.323533699270736	2.44651235666291	8.69413476728798	-0.310909457688459	20	0.0309386378608383
"V202"	-1.08400816839845	0.267882092385664	-2.30258509299405	0.435943243697778	1	0.116115845325229	-0.0405440279329734	2.33035248693891	6.98543411596241	-0.584526899372285	20	0.0597400810968004
"V203"	-1.25080439656752	0.0147285530180522	-2.30258509299405	0.341710652357248	1	0.117154639454572	1.25036281151427	2.30464608933627	5.69057191375574	-0.860020082407026	20	0.18509681541438
"V204"	-0.982018765087635	0.259978958482413	-2.30258509299405	0.658484660228611	1	0.146761039588125	-1.00743449326534	2.71924679761184	9.02841225577576	-0.20280688714549	6.05858276388892	0.0633345320166466
"V205"	-1.89008989097119	0.198749977085659	-2.30258509299405	0.575570556578074	1	0.121682836747774	1.65793123729965	2.15355568843227	2.69489023158455	-1.80594296738837	0.245182250038489	0.218519855208762
"V206"	-0.67351789224897	0.322738365874668	-2.30258509299405	0.73306617658524	1	0.142910690335537	-1.25092104442388	2.3998888077627	8.8730334728299	-0.345852698954131	20	0.0542691004349004
"V207"	-0.784293354909997	0.241382121897397	-2.30258509299405	1.04301532633823	1	0.1454023740798	-0.667266049854216	2.4588308525465	4.9333582640447	-0.428736691321709	2.19814817795059	0.0446412105632557
"V208"	-0.327217494657208	0.167971302972375	-2.30258509299405	0.629628340553034	1	0.0975858443373136	-2.10161733143095	2.50835687475787	2.78850689697924	-0.604649885771504	0.1	0.146863535446756
"V209"	-0.843397012955179	0.218672607857966	-2.30258509299405	0.962068524805095	1	0.121532159598248	-1.73394804132456	2.50455763710115	9.63748959056536	-0.28676866141411	14.3010766399674	0.042018861149328
"V210"	-1.40254026116427	0.100224909424744	-2.30258509299405	0.790319346231659	1	0.132380988096952	1.34351922635196	2.33132019096276	6.66078232694988	-0.302458417951085	8.31197553440095	0.187991419528007
"V211"	-0.689353732944404	0.0329241021770224	-2.30258509299405	0.433656819131782	1	0.184049659927619	0.151493835461081	2.40705642065065	8.38093902162722	-0.245315725069394	10.1500197886123	0.288378703005858
"V212"	-0.427660102603304	0.0552941961067588	-2.30258509299405	0.813051000384023	1	0.0813309849907966	-4.37204990965298	2.52129444066681	5.45655776898046	-0.378085232016644	0.447559413357606	0.0318492119039717
"V213"	-1.13580723433239	0.286198098118483	-2.30258509299405	0.652678466463667	1	0.105111520674727	-1.19018211697855	2.44704042043533	8.99969493187075	-0.37402778220804	19.4239177495472	0.0320813957894171
"V214"	-0.335165096917417	-0.0960427994522392	-2.30258509299405	0.0737045940624295	1	0.0870637751411473	-6.66866906158429	2.5283797871699	4.56130222008458	-0.498384072864753	0.1	0.235525194601349
"V215"	-1.27461477077172	0.0772508778227217	-2.30258509299405	0.140307076079445	1	0.0921097107180545	-1.38761665083286	2.34876565929568	3.93685830677041	-1.4195461398084	0.1	0.106578654639167
"V216"	-0.232446145481678	0.316819314201326	-2.30258509299405	0.600319491791208	1	0.139028711136943	0.212647550707146	2.40287692274142	7.84349672444862	-0.355420174289691	20	0.0472031320550554
"V217"	-1.27289753763738	0.204306275802569	-2.30258509299405	1.35929207478259	1	0.148680620231379	-0.757249294774887	2.48133086205416	7.35157357609359	-0.379649431401156	20	0.0427679332140964
"V218"	-0.0311325537496556	0.029290377578841	-2.30258509299405	1.17160520722756	1	0.227322967974244	-0.62414529931006	2.36071101175231	6.0164878684814	-0.449258976562293	20	0.0681581677851822
"V219"	1.72962630778491	0.264219656644882	-2.30258509299405	0.749447285493511	1	0.187640991802496	-33.8685794613378	6.04680781289857	29.6811711644689	-0.0359890784804394	1.20567784112971	0.0215087057244495
"V220"	-1.11517914138898	0.410797847317891	-2.30258509299405	0.749468127332106	1	0.138740944737278	-0.576223593064323	2.53415615511789	9.58744830468753	-0.283373524759203	18.8108553881734	0.0303272411237856
"V221"	-0.962185640733147	-0.070702702725235	-2.30258509299405	0.211423715931281	1	0.115235570921331	0.449466974778952	2.31431722216805	3.21980669144543	-2.48381521199658	0.1	0.113315769180898
"V222"	-0.845060361753073	0.261634201616118	-2.30258509299405	1.13492375112203	1	0.116009800612854	-1.15218486348893	2.56424688187741	8.11178362751916	-0.311141985780802	9.12520070275694	0.0270299737724549
"V223"	-1.75972727796203	0.0357882415943112	-2.30258509299405	0.171988265008832	1	0.118803062337751	1.1126376055043	2.25968506901436	4.14538799130945	-19.2920880649102	0.1	0.161585751747475
"V224"	-1.24272964767697	0.454761139724986	-2.30258509299405	0.563071490637085	1	0.137549118077291	-0.180606078554527	2.29527560600385	6.67445695478279	-0.558615938071881	20	0.00678333952450914
"V225"	-1.63266300146089	0.302677271450024	-2.30258509299405	0.89265980265382	1	0.166768515474803	-4.97159501230594	2.3842054465308	13.6168608490127	-0.166427700020093	7.26985418408648	0.150615755849933
"V226"	-1.16944444108298	-0.040431722897265	-2.30258509299405	0.250875646976858	1	0.111662189746293	0.789293374326004	2.4038213447853	2.94781745905185	-1.77891468075979	0.1	0.129337004099652
"V227"	-1.01018572124667	0.153253263695509	-2.30258509299405	0.496871217782366	1	0.205779904469544	-4.36253821301889	2.74034850599962	11.0578990731586	-0.141465157889879	3.19991600552865	0.13360736265891
"V228"	0.587737142183295	0.18635042473156	-2.30258509299405	1.07261267531112	1	0.156191195263531	0.238094780513067	2.48184148031867	6.8540558033653	-0.3711684222079	20	0.0610860692462071
"V229"	-0.590619885555128	-0.21887387429039	-2.30258509299405	0.43688621481294	1	0.0665446672152917	-6.23796728130869	2.50808324290404	4.98363646498331	-0.446827366310533	0.1	0.179882581280892
"V230"	-0.388159007195621	-0.27627875117543	-2.30258509299405	-0.427386253504704	1	0.115307263526108	-3.37929633416865	2.25438580237394	3.46140025518046	-0.781249363048644	0.1	0.105053384645861
"V231"	-2.12838602675665	0.578261070614251	-2.30258509299405	0.773730414190488	1	0.115679171128187	-0.533621530937932	2.24055188251883	7.69696454371777	-0.391172423898964	8.88485404952343	0.0197679833760241
"V232"	-0.590459568314677	0.228704975185429	-2.30258509299405	0.924047894197694	1	0.127369980534516	-0.734946657616223	2.56271805984545	8.83268352054846	-0.271096903464932	10.9758156019026	0.065232592519907
"V233"	-0.0960125241751461	-0.416331476139205	-2.30258509299405	-0.507281539732143	1	0.12884935935103	1.52172035136264	2.37543707939353	2.26658571935415	-1.81315695326696	0.1	0.299928767860519
"V234"	-1.0824287089766	0.430789781157436	-2.30258509299405	1.3397897412989	1	0.106142753418887	1.704837025785	2.33932089913607	4.66179790008492	-0.91687238625055	20	0.173630171282707
"V235"	-1.0083414192607	0.370506486315813	-2.30258509299405	0.860628713306848	1	0.099354478339117	-2.34612646732546	2.53911852241464	9.05936865760807	-0.26596435280952	4.77280315646098	0.0628626427008712
"V236"	-0.742082503417422	-0.198111012352895	-2.30258509299405	0.949123432070254	1	0.225718102382057	-0.706887703378238	2.78660445932349	7.89842784488894	-0.263705332622246	20	0.108750842940973
"V237"	0.975758284635451	0.444482207663869	-2.30258509299405	1.39701591361481	1	0.157686326157982	0.120733653984352	2.35153218683667	6.40393833961556	-0.437724437441686	20	-0.0273123729323023
"V238"	-0.513756740207819	0.134223819206761	-2.30258509299405	1.35634206880202	1	0.164076094179758	-0.97759285026217	2.5076228451951	8.6592436581387	-0.284904377256207	20	0.048152274432037
"V239"	0.016804959034088	0.209238144848604	-2.30258509299405	0.655121631963146	1	0.136223645545957	-2.81577892633319	2.53743151964756	1.69952732335492	-0.445961349181797	0.1	0.232419267836803
"V240"	-0.127683927907066	0.0997517698340224	-2.30258509299405	0.575579177461481	1	0.0685087522632757	-3.8670326512383	2.49564589875541	4.34641446900932	-0.457065152448162	0.233858492256773	0.0683211927090795
"V241"	-1.06145399223929	0.0461117458118468	-2.30258509299405	1.040765322426	1	0.0621806278390652	-1.49261078840138	2.52056906095989	7.64004593255907	-0.380947708529721	2.3191438449431	0.160472281887362
"V242"	-1.25643497448287	-0.152643211767913	-2.30258509299405	-0.03477303915228	1	0.115888055574134	-3.37526157810466	2.30153924065569	4.26119028351019	-0.745711602641953	0.1	0.230591799962769
"V243"	1.13898529165581	1.22142291365269	-2.30258509299405	1.55890149577073	1	0.15181434467846	-3.39945761160626	2.82332461199285	9.94273583400643	-0.157260847223177	2.61351062202802	0.556889321210578
"V244"	1.74180973537756	0.132569409403571	-2.30258509299405	0.0691500590438369	1	0.137585368956	-1.5362185322647	2.63300153475968	10.1465412333945	-0.27246813087386	19.7513740257395	0.0146052372331233
"V245"	0.771915484974664	0.564110602142192	-2.30258509299405	1.01283849887025	1	0.13089619201636	-7.15109263703801	2.9684922264543	14.0527401579671	-0.124353123221089	2.79558459157265	0.396919209262982
"V246"	-1.45103633533502	-0.202396780338279	-2.30258509299405	0.243009924668181	1	0.0778922064167782	0.72066879530266	2.48484220915715	3.63057837494029	-1.63489754035815	0.1	0.200316481991704
"V247"	-1.55568839939467	0.206322672922973	-2.30258509299405	0.700537654574307	1	0.122704185535103	1.99118388804313	2.23494423426822	2.46133683537925	-100	0.140157367618813	0.223919398257994
"V248"	-1.60720929849137	-0.0269231484029026	-2.30258509299405	0.349590216690041	1	0.109141782750586	1.63012445664291	2.29416444574697	4.54816132798012	-100	20	0.396513074065882
"V249"	-0.676370057696498	0.194114352204397	-2.30258509299405	0.691833690880056	1	0.102003109630796	1.61770070901553	2.43194321317785	5.01965615498927	-0.867224135710506	20	0.141946750438232
"V250"	-0.928856374274296	0.041957921495103	-2.30258509299405	0.607775427284678	1	0.119027893257337	-5.5300187454488	2.40780205444729	3.34674064361651	-0.425995047133652	0.1	0.145783285710042
"V251"	-0.940576249152202	0.162640668084452	-2.30258509299405	-0.0662252114223051	1	0.145758093763035	0.185529783320088	2.1714858010211	6.02813059698551	-0.791206952725451	20	0.0699144973241073
"V252"	-1.1514801994062	-0.0928389818409637	-2.30258509299405	0.160768048483295	1	0.11307072007567	1.53120317659075	2.34086204162725	5.18284853258225	-1.16470630921052	20	0.315450893112419
"V253"	0.08321679378888	-0.288818512793677	-2.30258509299405	0.522687702974885	1	0.152873765293063	-1.19115504347721	2.70191326745859	10.276407389339	-0.225730712501401	13.8349252408671	0.0921490067229049
"V254"	-0.266115728998334	-0.270357969154571	-2.30258509299405	0.0680011442147803	1	0.0828407049033605	2.32215367028314	2.52745277039927	1.52276529914194	-8.04639120486765	0.1	0.279331695123122
"V255"	-1.07672560615396	0.190863219828872	-2.30258509299405	1.21427130069647	1	0.0821137613362175	1.53001921068507	2.4296023109224	2.85896233237889	-2.70388600458447	0.243209748966645	0.0791392010676948
"V256"	-0.851941082231474	0.149515875794251	-2.30258509299405	0.629312412420818	1	0.0529866338518676	-3.62471911622592	3.07114558346547	6.27845387859921	0	0.101105941696385	0.379412904279429
"V257"	-0.602066037320622	0.127087736767256	-2.30258509299405	0.248245076208529	1	0.132603046029407	0.933432262648629	2.36611233543439	4.64930148290231	-0.567634928765261	2.61448656345161	0.174402440220227
"V258"	-0.784811623212009	-0.381341175826703	-2.30258509299405	0.00523115001772979	1	0.0736273062333093	-1.38738883367052	2.3847893482984	3.87050420221014	-0.906528232074308	0.197650761434405	0.101045151381564
"V259"	-0.432491912506523	0.109710702610143	-2.30258509299405	0.884842989226577	1	0.133552681539216	-0.319857925760054	2.42001810175205	7.37201923967911	-0.403275240630646	20	0.0469422759759591
"V260"	-0.980487458291426	0.0767056254517477	-2.30258509299405	0.354964216240879	1	0.0979271954621389	0.883371323111371	2.34028815650899	5.50967532493933	-1.26762132478588	20	0.129558571049742
"V261"	-0.327289789190865	0.0175577584417789	-2.30258509299405	0.778764661773459	1	0.220017323659008	-0.729930949237685	2.51595189126428	7.61840192916099	-0.320899977396278	20	0.082520304859787
"V262"	-0.387632932019692	0.423016032471421	-2.30258509299405	0.262367680636825	1	0.106802959667546	1.52227817305413	2.41302389862207	4.36912635705045	-19.3652623918609	0.1	0.4974700943713
"V263"	0.922643618297164	0.922743976681346	-2.30258509299405	1.12860198586686	1	0.201528369893977	-11.3339179975244	3.74079111234216	10.4970372640633	-0.0870082817943187	0.909359462613789	0.497250771210785
"V264"	-1.05683581499252	0.444018264551115	-2.30258509299405	1.21484692555618	1	0.134181354452748	-1.67970581811702	2.43444673742699	8.94445812693035	-0.310176901672114	12.3995237338041	0.0398002862996284
"V265"	-0.821321632171599	0.329743389539175	-2.30258509299405	0.51984754992443	1	0.143617686571083	-0.203641449106164	2.46874482403476	8.71490187762979	-0.330843674244201	20	0.0475614684061128
"V266"	-0.639635951914621	0.0789001858948041	-2.30258509299405	0.258296300234358	1	0.105280592746989	1.21661951272408	2.41103764393794	6.99177736666876	-0.48977140977998	20	0.195551430334401
"V267"	-0.513747151083721	-0.167804101213092	-2.30258509299405	0.235423978303261	1	0.0818745751799281	-1.37602708689766	2.40730790258442	3.49532961090552	-1.00914876625343	0.1	0.0662975707382779
"V268"	-0.824362536894408	-0.233759312637725	-2.30258509299405	0.37971384713437	1	0.0404348010274319	2.3845212395901	2.60320097573215	2.620504078744	-100	20	0.233628134349791
"V269"	-1.25080101742662	0.0622011148058446	-2.30258509299405	1.33884294268728	1	0.205589038618612	-0.385168827421889	2.37864807819406	5.71247560764029	-0.466264714098046	20	0.0726104318483987
"V270"	-0.638972440841316	-0.0784991571823021	-2.30258509299405	0.154502630778495	1	0.122010960757396	0.518406211333049	2.38478930348876	6.78431598370513	-0.58110169228919	20	0.395069644193248
"V271"	0.899809062534776	0.415462917301691	-2.30258509299405	0.444891545800867	1	0.17160430433566	0.828026264415816	2.59124226527445	8.2123072648623	-0.264301769509206	20	0.322496138672091
"V272"	-0.77437297700969	0.421411847049548	-2.30258509299405	0.47021484267927	1	0.167355214350521	-0.607197193589566	2.50827725285377	8.40393325311311	-0.326389355815774	20	0.0147867909882015
"V273"	-1.75270963650649	0.506074528697196	-2.30258509299405	0.725857467098835	1	0.149858745652509	-5.1322607225074	2.68796295861406	13.2269775203812	-0.178548366373806	10.4528717074776	0.035255065689007
"V274"	0.0887226754448674	-0.372861398074073	-2.30258509299405	0.0578292894172054	1	0.0966069973948971	-0.369237464015977	2.48609119334159	2.10182681007668	-0.693545794585755	0.1	0.147183552000833
"V275"	-0.0718613926083102	0.272695259893147	-2.30258509299405	0.990322956519278	1	0.132806635025411	-0.387439315325557	2.47838116854749	8.70129327735874	-0.304362971116012	20	0.0838813655299242
"V276"	-0.284289424978969	0.00280058996004176	-2.30258509299405	1.07343509747335	1	0.21890695799927	-1.01422826240254	2.53785743355258	7.61063984111695	-0.318912466972484	20	0.0889719759138803
"V277"	-0.783367854983622	0.542244111231779	-2.30258509299405	0.72973714300943	1	0.124952305737549	0.430595668994817	2.35698143164287	6.84618365612561	-0.472962045769205	20	-0.00913184815494166
"V278"	0.110527121090863	-0.09385222764654	-2.30258509299405	0.348665520197489	1	0.110530411043545	0.953118550766633	2.43861847774344	1.80757281562921	-1.39247201527961	0.1	0.178087095736205
"V279"	-1.77806667347656	0.477775661754235	-2.30258509299405	0.668708397179852	1	0.0868902436675591	0.818673017531541	2.28326878164529	5.21073220577313	-1.93443808485179	20	0.00542390816605049
"V280"	-0.372668829780862	-0.377403731005221	-2.30258509299405	-0.174443263404024	1	0.0998459759495351	-0.193457722696217	2.379968635956	7.93635042330608	-0.523841177374884	20	0.0923662893682355
"V281"	-0.208170623830304	0.524331302571844	-2.30258509299405	0.593333516013878	1	0.126937665727579	1.5303991692999	2.58679641584216	-0.328284225909326	-0.844724816947523	0.1	0.331645967168968
"V282"	-0.332339457095537	0.313192707443467	-2.30258509299405	0.57503931059773	1	0.166598588426201	1.23894956751703	2.28377324566696	1.08531265285468	-2.11706540562506	0.1	0.314690144601192
"V283"	-1.22453455002284	0.0444644654119303	-2.30258509299405	0.440991777742105	1	0.0983655248509081	1.69327040451889	2.45571625546734	4.65343825089501	-100	20	0.275939307812154
"V284"	0.125028749095758	0.229418898022944	-2.30258509299405	1.03551674220147	1	0.233532189369792	-9.34131406963838	3.35411919396528	8.04178518721326	-0.112654769363841	0.850129380581047	0.100333546743004
"V285"	-0.693408995237083	0.790596177277054	-2.30258509299405	1.47718392415684	1	0.104030088798567	-1.00398915210472	2.42103018090882	3.16403206857536	-0.907672583214069	0.1	0.376838394370293
"V286"	-0.548356461298502	0.289083279810018	-2.30258509299405	1.03843782297025	1	0.114597870616179	0.647209566898536	2.50022655645895	7.7668844953702	-0.348444370802535	20	0.0780109247704683
"V287"	0.1560147175501	-0.11296241190262	-2.30258509299405	1.38476575574726	1	0.230907391389516	-0.697390472655009	2.59890832822624	6.4816689601421	-0.342092920351544	20	0.118861633418642
"V288"	0.834792364291236	0.96560936932283	-2.30258509299405	1.17009783730752	1	0.176191902557626	-8.55777354560223	3.17434835904795	14.8724790478059	-0.1125443065053	3.15904988694072	0.260222783157783
"V289"	-1.09820112233935	0.0181406556983869	-2.30258509299405	0.323867092791249	1	0.110309140104891	1.84025789503644	2.39576827400261	4.65888879064446	-100	10.3460812443487	0.395123855802493
"V290"	-0.218863917690244	0.220299376833416	-2.30258509299405	0.909175351824729	1	0.204464732124637	-0.765723191229028	2.46369654980291	7.40116076931327	-0.345528122045645	20	0.053713709052529
"V291"	-1.60875693677634	0.0141899739331725	-2.30258509299405	0.331948034635844	1	0.107368815087554	1.92749593362347	2.36520190108385	2.99978031366889	-6.24685693784727	0.1	0.219039152174278
"V292"	-1.58352987985976	0.117146094699946	-2.30258509299405	0.431958037015754	1	0.108155611573576	1.2117372347792	2.35487245203494	4.0536687432235	-1.96378842468128	0.59883850556048	0.120833745442389
"V293"	-0.473856400426742	0.230896327740534	-2.30258509299405	1.15696548163626	1	0.10877053634953	0.852483796083934	2.48066767386417	7.19386545533597	-0.364545491381621	14.3890841425559	0.172167120550148
"V294"	-1.83595932580712	-0.145631984660123	-2.30258509299405	0.375909623600582	1	0.0738088932069213	1.4924679359488	2.33691362406528	2.59033892758479	-2.04064098258251	0.1	0.207047085795885
"V295"	-0.530996047154535	-0.0215866643827008	-2.30258509299405	0.277247192398947	1	0.093903323361624	-2.99254928969585	2.46045258856149	11.909048007837	-0.322824642579818	20	0.272085276290902
"V296"	-1.11733822648983	0.108011202759023	-2.30258509299405	0.997985563033109	1	0.0713016490512816	0.283184536150369	2.53115773776969	7.64829456269827	-0.441597886885825	20	0.0531296968148245
"V297"	-1.99325926801168	-0.0754154067928252	-2.30258509299405	0.531511946900983	1	0.0841823574125031	-4.49014519587528	2.79403784719753	4.40380169097786	0	0.100206115484492	0.299749772102897
"V298"	-1.29650615748678	-0.0231652671706575	-2.30258509299405	0.369372970611463	1	0.102549283291001	-5.0333924287149	2.39530865599101	4.34462637535332	-0.530526537536348	0.1	0.271118849425499
"V299"	-1.80790392856147	0.114587735330417	-2.30258509299405	0.491332958769677	1	0.119841519567298	-1.64100238956693	2.08908094724074	7.22218675200198	-72.2338533488579	0.236901083879225	0.315999861820792
"V300"	-0.378208545249767	0.41456649032402	-2.30258509299405	1.37455044713792	1	0.153401592706784	-0.483849368887207	2.39767930060206	6.2949735986376	-0.458357914667182	16.5076888444694	0.00944415353299445
"V301"	-2.07269638249066	0.354849248113183	-2.30258509299405	0.742549334202065	1	0.166742521260046	-5.75126309192338	2.66342416467004	14.5062978963646	-0.143145204826665	6.72412355439223	0.0821861633006082
"V302"	-1.53693880619691	-0.243934786655742	-2.30258509299405	0.159098475862931	1	0.0982927247903742	1.87555993895393	2.44856955430873	4.01136823683368	-41.4025680974431	0.1	0.25278157376344
"V303"	-0.14513016485041	-0.146174312790839	-2.30258509299405	0.836574711482662	1	0.330338980088827	-0.560255654475014	2.76101068355679	3.19435002492031	-0.334738818913923	2.43998510825258	0.125075362679964
"V304"	-1.29544512814559	-0.0112363144630004	-2.30258509299405	0.320106373770724	1	0.106677514422186	1.38241166626733	2.36646322750689	4.20668601303858	-1.53772147154041	1.36401137226877	0.186926413792445
"V305"	-1.40999897596297	-0.0931176896558362	-2.30258509299405	0.179859818687408	1	0.10428459951831	-0.453893221392657	2.39906927783267	3.51715529183063	-0.849504488809597	0.1	0.216802580342228
"V306"	-1.23514043492224	0.277666665209977	-2.30258509299405	0.945175127810763	1	0.117605493909706	1.51603581721623	2.42199294026982	4.8979502002987	-0.809854750599598	20	0.0850771320732688
"V307"	-0.827794882360807	0.0375891242665199	-2.30258509299405	0.412175605543096	1	0.102529955183592	-1.51779639868174	2.36940689961466	3.186623033385	-0.719669692307242	0.1	0.197183110742775
"V308"	-1.08322254220093	0.129571623491357	-2.30258509299405	1.64260509650843	1	0.20938217583007	-0.546800964496489	2.32134795744604	6.53366432533868	-0.387180069441273	20	0.0662475875227485
"V309"	-0.467928970288115	0.114281814934316	-2.30258509299405	0.303210328371826	1	0.120037116670678	-2.30969083274021	2.35940502460324	11.0398540504102	-0.311109240846839	20	0.120354229410709
"V310"	-1.71327107298011	0.16093942365843	-2.30258509299405	0.7392405812336	1	0.137623164337185	-4.02320085557009	2.46440716249429	11.2232575478449	-0.182958656310141	4.54311268759269	0.0986945798698157
"V311"	-1.83167201155247	0.227159466005198	-2.30258509299405	1.21676069505516	1	0.079662516065058	-3.8491853641896	2.44939877082493	6.5734746140273	-0.302596399516078	0.385802466811934	0.133528441267997
"V312"	0.137663852620582	0.405666844670327	-2.30258509299405	1.40435414860668	1	0.163037840954726	-0.983115580520138	2.47748893211263	7.73291658558045	-0.359707650317942	20	0.035992612201343
"V313"	-1.03049677356257	0.284464123368816	-2.30258509299405	0.943022683779902	1	0.114573445446058	0.829214851787682	2.29573710846956	6.2137692398051	-0.509112701999604	20	0.0636078247960386
"V314"	-2.20061612116088	0.391501542759586	-2.30258509299405	0.801555638947478	1	0.116397614370256	1.26114245883633	2.14533023102905	5.79245644295865	-0.900490738238262	20	0.106431345761764
"V315"	-2.30661685544632	-0.301027540045791	-2.30258509299405	0.417685409329185	1	0.0725581260889043	-4.43058643439398	3.35735430731747	4.66541506521872	0	0.194414782142112	0.202197521073558
"V316"	0.173514469244111	0.169037976577324	-2.30258509299405	0.736477408779907	1	0.236320315572942	-0.135349022020892	2.43474944337234	7.28264768907985	-0.324883585537388	20	0.0608101135707069
"V317"	-0.731498820176689	0.241758970214537	-2.30258509299405	0.442407570356132	1	0.118441726511595	-1.5945717332483	2.44333706379218	9.8157709237413	-0.313787701502865	17.6255335527482	0.0579288999005864
"V318"	-0.304063498820486	0.399439149874687	-2.30258509299405	1.02211312519723	1	0.114980953739903	1.24456833689776	2.36373490914959	5.39512414493171	-0.706551157378252	20	0.0360462420151206
"V319"	1.87766247832932	1.64255681695307	-2.30258509299405	0.547675234666439	1	0.189194409856006	-22.2975237665745	25.7625805618621	13.5997831623053	-0.0103548899943411	1.20637792266155	0.329839168393802
"V320"	-0.143060247520462	0.171821134079744	-2.30258509299405	0.722735278066035	1	0.250370758228138	-6.1902302584379	2.80325510529599	10.1123300000122	-0.133998667348597	1.97613059055176	0.0860714514750388
"V321"	-0.835123707381829	-0.0500807625440497	-2.30258509299405	0.21452367594846	1	0.0630009574543966	-0.529191161596345	2.45777024220621	3.54458406012467	-1.40141869760651	0.1	0.0473930189793279
"V322"	0.129122283361383	-0.379766269374933	-2.30258509299405	-0.234799764586782	1	0.1098137427069	-1.07273969176671	2.49046764549788	9.77693748982336	-0.316551222725518	10.6204877881466	0.1809238896138
"V323"	1.21400009577981	0.360474541872788	-2.30258509299405	1.61295944697443	1	0.201453265247304	-0.317004557267175	2.43965029530628	7.97908657916975	-0.281855000234237	20	-0.0111797700514407
"V324"	-0.511084269333331	0.217586654473994	-2.30258509299405	0.799387959022098	1	0.168415509433659	-0.168830809299765	2.49130263716163	7.53425148437592	-0.307965710775471	12.0918542256591	0.0750559279954605
"V325"	2.81514932531216	-1.3431203728596	-2.30258509299405	0.967260697255865	1	0.407768989660456	-0.175820405835941	4.35862907728776	-0.947431967423922	-0.716656025205834	1.20605474956217	0.255326807036878
"V326"	-0.873748127262055	0.0648242043915261	-2.30258509299405	0.205878775424127	1	0.115766310779165	-0.864851059016953	2.39030833681928	3.66506881864638	-0.648363616192795	0.1	0.377328866067075
"V327"	1.25519256387913	0.38094372402218	-2.30258509299405	0.946615565136403	1	0.14248228018164	-0.966131050837903	2.51199166858055	8.21241665542558	-0.314030263720576	13.9834944101487	0.00394545111955604
"V328"	0.00564336774401874	0.476709796323277	-2.30258509299405	1.24182791708838	1	0.147766545714516	-2.16628318917699	2.70746455966709	9.94567009284933	-0.199338910623155	6.92109872704252	0.0329150465355015
"V329"	-0.597388589869802	0.00223675481476828	-2.30258509299405	0.670072605178885	1	0.125886357463206	-1.25291832999706	2.53628820568856	3.24892231721732	-0.250951792307233	0.372676462124186	0.192080009511498
"V330"	-0.826131706544581	0.254077896577243	-2.30258509299405	0.225200059025867	1	0.14443764788016	-4.11327957179929	2.32485363165751	14.5418628097729	-0.228952182746338	20	0.503160946838052
"V331"	-0.535294865831123	-0.0503349120710244	-2.30258509299405	0.770022519287775	1	0.134785885852603	-0.123002851505616	2.35265602537496	3.6606103700957	-0.74600989048382	1.42890635688516	0.0545529596483131
"V332"	-1.63706399841757	0.0885661966691157	-2.30258509299405	0.356161360667874	1	0.116746628084794	0.422724753258933	2.28648999943447	6.43465572815831	-0.7363727604073	20	0.0760841780010512
"V333"	-1.97579957281345	0.330303358123049	-2.30258509299405	0.50866859257372	1	0.0957544864454445	-3.66061079971071	2.75863060765459	15.7220497309485	-0.154930796441161	10.6365180145944	0.0563455056442173
"V334"	1.09065353729695	0.566867971750036	-2.30258509299405	1.20525364432448	1	0.155828132182465	0.206196246388836	2.37009296616378	6.01880320403021	-0.519441594091748	20	-0.00846738572126827
"V335"	-0.031154352332811	0.300606626924524	-2.30258509299405	1.21760231918602	1	0.180003261160215	0.0328692754849598	2.52414741308266	8.01457319512522	-0.274774578784862	15.2788796144694	0.0594225772570308
"V336"	-0.0372922993025797	0.410033432032777	-2.30258509299405	1.05628790344925	1	0.122811327000531	-3.17930243943024	2.62998215991545	11.7150881471016	-0.241426144057188	19.1703160801806	0.154177160422643
"V337"	0.415270529088258	0.283579498687654	-2.30258509299405	0.708582254442162	1	0.126004075775428	0.498250227381123	2.44174503743555	7.09647654946623	-0.436309452368169	20	0.0430855593129536
"V338"	-1.63632057350631	-0.346105968900622	-2.30258509299405	0.44002954993949	1	0.0719784442246202	-4.47093239390415	3.58782799958579	4.67235055869573	0	0.207144992814221	0.245704632763844
"V339"	-0.888524276835932	0.0986654458559784	-2.30258509299405	1.08039462527454	1	0.109530157303188	1.30272705423681	2.45811861855426	6.31726141955688	-0.504616178544702	20	0.10266747599255
"V340"	-0.337468094496961	0.389128148779962	-2.30258509299405	0.371613736310082	1	0.20088349945457	-3.98832727240212	2.69697931769997	12.0242130490136	-0.179999709917249	8.86148820839461	0.0414970852558226
"V341"	-2.44419739328563	0.329693305408994	-2.30258509299405	0.583508407828349	1	0.139517014260536	-1.56266411911356	1.91099338002169	7.47703324629402	-38.3649784378707	1.37443498004703	0.487992213809638
"V342"	-0.354987657290207	0.410196844414016	-2.30258509299405	0.813279800586583	1	0.126994167915348	0.823865541834002	2.37727229167848	6.11661167687126	-0.565628914453924	20	0.0307036019162672
"V343"	0.48227779939716	0.389839735019529	-2.30258509299405	0.647380789823856	1	0.14070053288647	-1.02004638100562	2.49726812722762	6.78363814241397	-0.309488229435917	3.37258820404878	0.0460179528764527
"V344"	-1.29897322551835	-0.122801348554969	-2.30258509299405	0.168887420275687	1	0.115058696900889	-3.01430686572773	2.36074511900816	2.94938029963708	-0.624874682465905	0.1	0.0884418363308697
"V345"	0.328991242170752	0.0666851098354254	-2.30258509299405	0.273353849224573	1	0.254884009080388	-11.7482627424507	2.73154912940294	2.27218909197568	-0.230175216349101	0.137247551453371	0.0727039655891001
"V346"	-0.645753015208888	0.137187476920385	-2.30258509299405	1.15878236230179	1	0.152339115460433	-1.09156334284709	2.62221774153632	8.61490471376936	-0.291888234535663	20	0.0584315612082712
"V347"	-0.0828743663175422	0.318129764290931	-2.30258509299405	1.06665913181952	1	0.149800090684625	0.389295777769361	2.46631339130949	6.54320245044129	-0.433653906848924	20	0.0347775082456807
"V348"	-0.704549167496815	0.0989526205843025	-2.30258509299405	0.963827976060488	1	0.135460045679342	-1.38609657403982	2.32823361698761	2.12820259344272	-1.48243278069576	0.1	0.0516406796862094
"V349"	-0.824445309044112	0.251221988295895	-2.30258509299405	1.01963026024559	1	0.112474408597522	1.21967012593354	2.4158124729007	7.52698445052661	-0.354210151732253	20	0.15229635316913
"V350"	-1.54142508919764	0.2736915922146	-2.30258509299405	0.788609358944392	1	0.104338788772783	-0.566622120421496	2.38460986724079	3.14880441532661	-1.25022350905741	0.1	0.0584667408565896
"V351"	-1.13518976708916	-0.148166092975231	-2.30258509299405	0.394585978858399	1	0.108409335606567	2.24933782526854	2.41201845254305	2.59007285739199	-100	4.98281253812675	0.3143880761429
"V352"	-1.48472885959888	-0.898228184428792	-2.30258509299405	-0.902998517263979	1	0.0637360034873061	0.196341156297569	2.25714960868661	5.78565882809332	-16.5214755761215	0.1	0.225846373625465
"V353"	-0.722779140732395	0.124723160633384	-2.30258509299405	0.317658587461719	1	0.129869870544425	1.00425586747969	2.28803090809803	6.1801860201122	-0.61693862069822	20	0.206692183774032
"V354"	-0.427977758672288	-0.295932792123035	-2.30258509299405	0.61486825158186	1	0.264464546357399	-0.62046401319693	2.55095683942591	6.42928694102281	-0.349150959055472	20	0.120044929067374
"V355"	-0.272034241379112	0.105505295117775	-2.30258509299405	1.3380165447566	1	0.243860080747394	-1.03325801228095	2.54703621751321	7.34244754310247	-0.309993764274479	20	0.0773677426849355
"V356"	0.0868306306917009	0.165081389131904	-2.30258509299405	1.10220466796994	1	0.282072651594858	-1.40093532442227	2.84258070667469	10.2745601316507	-0.196691558857123	20	0.0705432149613986
"V357"	-0.632541604440666	0.140500671041634	-2.30258509299405	1.03584556207452	1	0.0917049898552181	1.05107231858338	2.48488324227075	6.87624020312527	-0.445358535559659	20	0.113844561138002
"V358"	-2.16235343179728	0.440656948228627	-2.30258509299405	1.11596968670929	1	0.131657151625056	-1.54036288419009	2.27128858835602	10.1724525818786	-0.303155539615225	20	0.040677708652393
"V359"	-1.30470401959993	-0.198061854894297	-2.30258509299405	0.216632972381741	1	0.100263451362552	2.24775279265918	2.44930267505234	3.01147857664358	-100	20	0.274258595877412
"V360"	0.817505295930591	0.837771671763055	-2.30258509299405	0.691766721331674	1	0.163306667726698	-5.05177223871239	2.91204856495098	14.2368763157596	-0.128967819804743	4.88577439116613	0.494542632263178
"V361"	-0.633935957727623	0.0360194943585832	-2.30258509299405	1.08308442792284	1	0.200353974722704	-0.486437770046871	2.37056278895639	6.23573406728124	-0.440164552392038	20	0.0636223146158371
"V362"	-0.250079456065208	0.108374430901576	-2.30258509299405	0.474394317082122	1	0.111114740803653	1.24285026734565	2.53778686328156	7.75593079427179	-0.356880665026136	20	0.186804177899367
"V363"	-1.04963218299068	-0.3631992687188	-2.30258509299405	-0.081465655959994	1	0.13149248823021	-0.0761448739281798	2.31746725591649	7.66682447671207	-0.485296071218256	20	0.115267169860035
"V364"	-1.20843934512616	-0.237167678902886	-2.30258509299405	0.307024926356332	1	0.12659800912733	1.23281698650852	2.17982539796651	1.53838046167663	-5.85336635461522	0.1	0.335076878087985
"V365"	-0.250901171223838	-0.00422798721125411	-2.30258509299405	0.259783740275591	1	0.0665962817103156	0.936420776227632	2.59129595601622	2.76894598453783	-0.724889289766054	0.1	0.254842279103514
"V366"	-1.6879096199072	0.392983904800568	-2.30258509299405	0.91297675266198	1	0.141162460279469	1.38944271538758	10.586307044542	-27.4957678738822	-0.017666249648856	1.82690035781251	0.404700740053235
"V367"	-1.21737648055891	0.179608859117475	-2.30258509299405	0.21631446720168	1	0.13253691669884	1.55036704717919	2.25439317274468	2.95465460330276	-3.83729960085376	0.1	0.307582583365023
"V368"	-1.49913819358229	0.161421400981098	-2.30258509299405	0.677495267752983	1	0.0956821592177332	0.863712670625536	2.45473698337485	2.6246875859833	-2.0840556902768	0.1	0.093215480528304
"V369"	-0.293648223986476	0.541386124630245	-2.30258509299405	0.839398255144633	1	0.130996591469552	-0.11440334545348	2.35708145887097	2.4335899482773	-0.739281422929474	0.20672002302119	0.287565712209289
"V370"	-0.932353003626964	-0.100563500671921	-2.30258509299405	0.0510554231014506	1	0.0967278575457604	-0.657518268480717	2.25805015934774	3.19773479375733	-1.3858117992942	0.1	0.0792021965094528
"V371"	0.477349219623108	0.0824131144055647	-2.30258509299405	0.746845956036164	1	0.163517472964593	-7.19241291608197	3.11374774746532	12.6808558773631	-0.114313977109041	2.12660883230713	0.173674869968731
"V372"	-1.76412785041369	0.418442404670743	-2.30258509299405	0.593765909467966	1	0.122015724329771	-4.35885302836762	2.68613453310943	14.956316908035	-0.183447205536081	17.5791178694083	0.0339733167064808
"V373"	0.257450310904389	0.788974114682151	-2.30258509299405	1.43214617987791	1	0.147435461635933	-0.309384228947153	2.62073935654254	8.09898786207525	-0.274933522323832	11.4799176382097	0.257660832931912
"V374"	-1.59341695948397	0.19466900458239	-2.30258509299405	0.941777803744489	1	0.261494675936921	-0.643805814495949	2.50040565340678	8.50836357628463	-0.254449847436637	20	0.124783895728672
"V375"	-1.24371143997983	-0.113455927745448	-2.30258509299405	-0.208772088976305	1	0.136234222771036	0.176275837074955	2.2516322557103	3.78607819498128	-1.65455707998834	0.215107044847507	0.113857101719068
"V376"	1.09383573854688	1.03704876887721	-2.30258509299405	0.404940881565783	1	0.213356514048034	-40.4796946800081	4.38661184216736	23.0806594119583	-0.0558981151839458	0.954913690553797	0.453004486360567
"V377"	-0.870914831794306	0.0192582028560381	-2.30258509299405	0.89351746142224	1	0.102141592969588	0.797902341538507	2.57445298597502	2.65953158539584	-0.230773622442286	0.491404809316301	0.195684041376006
"V378"	-0.627068299866132	0.28307437406507	-2.30258509299405	0.0829231846730761	1	0.137173453946977	0.225341653162141	2.26785601224814	2.88902954666329	-2.02113741803981	0.117842378535679	0.06274170066035
"V379"	-0.53153987773415	0.374664587917581	-2.30258509299405	0.608101530276322	1	0.151460020826069	-0.656028786616369	2.46123146487558	8.23488631866968	-0.315069143984499	11.2951844838661	0.0409390505748631
"V380"	-1.05981697049608	-0.156801297099052	-2.30258509299405	0.212254554769115	1	0.108361117045786	0.732155087267951	2.39164372245402	3.25000046985841	-2.2439018783971	0.1	0.136472564442037
"V381"	-1.45602566170015	0.00168133292926939	-2.30258509299405	0.557005608948566	1	0.0962575306790504	-3.41079218406177	2.38445507731751	10.2859889778404	-0.476173571928728	20	0.362512245292323
"V382"	-0.500541085500254	-0.115767959818834	-2.30258509299405	0.977403384484507	1	0.168403340684693	-2.18608071964213	3.25599891348995	10.4776074156958	-0.157122961357643	8.44448377223469	0.112800132435974
"V383"	-1.84123597587794	0.377699523903144	-2.30258509299405	0.784584324006928	1	0.117367722519886	-4.24660353350004	2.56353742785956	9.15801364981943	-0.221698553673556	2.26458706663927	0.0696457517248194
"V384"	-0.483448824625433	-0.272792141719296	-2.30258509299405	0.243606035521596	1	0.0793746524563887	0.324451736860873	2.44400516302496	2.83707639733718	-0.89621409042104	0.1	0.122815134661506
"V385"	-1.02799943572613	0.137628801056931	-2.30258509299405	0.462270954541328	1	0.0995258872091993	1.63995973125572	2.43654259469244	6.84823001032051	-0.594103386328972	20	0.259926014151044
"V386"	-0.604977013159433	0.261492057296767	-2.30258509299405	1.3794592540337	1	0.115624399173221	0.87999627521476	2.51161538076965	5.90729917719939	-0.453500139409466	12.5948917246953	0.0588679199055081
"V387"	-0.943492056406175	-0.118213098391863	-2.30258509299405	-0.0204379991648792	1	0.119730653161254	0.72439753300642	2.42486660624884	3.27790962026827	-1.76317019494655	0.1	0.265443464083267
"V388"	-1.74260888579316	0.111399074253215	-2.30258509299405	0.635683611904434	1	0.0984970795499986	-4.58896847184729	2.37612061782136	12.8202584623211	-0.221264769886406	12.4534166866574	0.0838338483226814
"V389"	-1.44262180798666	0.283124833617182	-2.30258509299405	0.66011190265787	1	0.0975801762586699	1.14091127874518	2.41744487449351	6.27641546632481	-0.708985209075359	20	0.0535070289538228
"V390"	-0.307411467229967	-0.266168627301813	-2.30258509299405	0.179413766411343	1	0.0785881600793005	-3.19996233264377	2.51579563888295	13.771346748539	-0.219925453530892	9.90341264089378	0.337421058664192
"V391"	-2.18986242809324	0.393845791576361	-2.30258509299405	0.756037401258535	1	0.134213318078005	-4.80670885798554	2.54428797189207	14.0389033333387	-0.178687142240322	9.67489569671648	0.0406518466512067
"V392"	-1.64635214047529	0.244075656663381	-2.30258509299405	0.501507298632336	1	0.138254696408516	-2.15308654560274	2.09764733404914	7.53080140565615	-17.4758370432835	0.960915181255068	0.405139474005041
"V393"	-1.10786579385036	-0.170673311100232	-2.30258509299405	0.149850790578672	1	0.0802003233952234	-0.473966863058564	2.33603156521014	7.99689173722232	-0.519329632897554	20	0.105198357751651
"V394"	-1.16553489100443	0.0353637953198248	-2.30258509299405	0.97659315585944	1	0.251897772232447	-0.350369366580849	2.57989903312478	8.48683549457957	-0.243838285743601	20	0.120489904285697
"V395"	0.288730246659015	0.353497618647313	-2.30258509299405	1.11158560260892	1	0.126654739222847	1.44083939222037	2.40624480010813	2.00666500331254	-7.72512408619312	0.1	0.127700246689451
"V396"	-0.769191032085724	-0.334083963998403	-2.30258509299405	-0.342790833016943	1	0.108793745974483	-1.36829009597773	2.26642076764607	3.44692350820235	-1.53680595737141	0.1	0.110151730302366
"V397"	-1.50854112061295	0.0932914273655564	-2.30258509299405	0.392592212272307	1	0.0992211417917644	0.175535653917303	2.35766330174525	3.3249812801936	-1.31572261136779	0.1	0.0878894650094898
"V398"	3.10994512305989	-0.175359975979568	-2.30258509299405	-0.129033236131422	1	0.230044074834833	-0.237975914249247	2.88313834983255	7.08770496023724	-0.322980635757835	17.7512248954523	0.000542388897314116
"V399"	-0.47925257137336	-0.0380275593208585	-2.30258509299405	1.05573521686072	1	0.180547728394637	-0.506574619706813	2.41062009569124	7.22462835324137	-0.354358709192585	20	0.0644124812188812
"V400"	2.62698760168139	0.392141732445846	-2.30258509299405	1.35894450314029	1	0.20739367086796	-58.5180315864892	9.47202009335646	17.1691992204451	-0.0266816632176222	0.37927780779976	-0.0310715015104603
"V401"	-0.274726623274022	-0.0429960615968495	-2.30258509299405	0.0331703381950407	1	0.0983783307065335	-2.62330755544322	2.4817348521444	8.44143543730205	-0.256142776339433	1.3618816463202	0.310134340581306
"V402"	-1.23141078533224	0.357291895916642	-2.30258509299405	1.02484407170121	1	0.155843108062551	0.396800624431698	2.43485632216983	7.21712456414261	-0.374947319121639	20	0.0375795258685748
"V403"	-0.253431266271161	0.0907519279461336	-2.30258509299405	0.644034415798768	1	0.145667937478818	-0.857825037034123	2.55016883963122	9.29253998707663	-0.239168707020319	10.8644983558299	0.110271755938801
"V404"	-1.40203718560834	0.149998923067107	-2.30258509299405	0.570783972101801	1	0.156648694251452	-0.387978448465856	2.29964066153385	6.50169450186493	-0.543585724082506	20	0.0438040647698793
"V405"	-1.52910167435068	0.340403866964472	-2.30258509299405	0.882847635212358	1	0.169888120948416	-2.8061315308323	2.43718496202848	10.6332223902845	-0.20507758651146	6.81179515817985	0.070909735351282
"V406"	-0.76816062543468	0.0897530019030474	-2.30258509299405	0.376644161913285	1	0.130927253921046	1.4103618575939	2.38444309774211	6.19304249729161	-0.493099959237685	20	0.27792495733151
"V407"	-0.409473543250555	0.390999322481492	-2.30258509299405	0.993077268864994	1	0.170077936178712	-7.11798423853943	2.68898615839903	14.4659194735446	-0.168974047177067	11.1139674662985	0.0373006749803914
"V408"	-1.43146863539919	-0.0961440564921897	-2.30258509299405	0.127773531493119	1	0.104285300868629	-0.294106979503871	2.29375390816733	3.67426045767428	-1.95634039420297	0.1	0.106373397891135
"V409"	0.00414380406644929	-0.315249485377051	-2.30258509299405	1.13048277844624	1	0.220381310164133	-0.545106690138457	2.49756783595922	6.04057850063047	-0.401188819192385	20	0.112694129123525
"V410"	-1.57781588083719	0.217118057444923	-2.30258509299405	0.789742372227143	1	0.11545005482498	-2.64042532138057	2.26664691454643	3.34238801047416	-0.857554738890669	0.1	0.0320393605988097
"V411"	0.170754209509135	0.145061248047011	-2.30258509299405	0.921649154824627	1	0.169128469050077	-1.33078229047869	2.79735843167694	8.87008375466458	-0.269401576667745	20	0.0546671071823647
"V412"	-0.300093192696862	0.347654744506111	-2.30258509299405	0.671458939136728	1	0.123985444554447	-3.87929162202475	2.53023437813998	14.7267492728728	-0.203729181913741	17.0393739743442	0.273716106045036
"V413"	-0.332908791515799	0.278165976566671	-2.30258509299405	0.839373390100038	1	0.0992759075702821	0.344879508112774	2.45687493367997	7.79689557005852	-0.440352679005801	20	0.0803635554390174
"V414"	0.447430239073521	1.01046869014938	-2.30258509299405	1.25688905051729	1	0.175790604751521	-2.92341007256647	2.93106241127915	10.545341391489	-0.128583499603824	2.76020207451537	0.425561358078589
"V415"	-0.0991365358290755	0.412437389691003	-2.30258509299405	0.657021703643933	1	0.124912733914135	-1.69440363281397	2.62429584475881	7.87616236259429	-0.208600252462434	1.47108782709832	0.516296177624024
"V416"	-0.506031915440051	-0.0331621268893448	-2.30258509299405	0.396232288683578	1	0.089537081131049	-0.895073529058219	2.4520814605075	2.76648940832398	-0.930584227925021	0.1	0.0921244250266239
"V417"	-1.32935287094437	0.0856533939598827	-2.30258509299405	0.440290810631042	1	0.111283011872896	0.987595872237455	2.35852807220659	6.4684000592091	-0.724975988748706	20	0.120775702302318
"V418"	-1.06063215969391	0.255458711156306	-2.30258509299405	1.00279721643104	1	0.0973699884912993	1.98359165461761	2.30487117156935	2.49303507976322	-44.4214095063696	19.8794477091735	0.193002231848791
"V419"	-0.0998244868327217	-0.0460705630800839	-2.30258509299405	0.808839677383573	1	0.189720285294417	-1.04061627863592	2.66391485966386	8.85359138529989	-0.264594127906366	20	0.0774641558105516
"V420"	-1.49541061663153	-0.170062145499911	-2.30258509299405	-0.0576398701691149	1	0.118041284383808	1.23735425313503	2.27864099152623	4.58471996122087	-7.8322823975466	20	0.178614224588743
"V421"	-1.69116645345382	0.110200583766059	-2.30258509299405	0.78937530093052	1	0.114493079124253	0.780453355960003	2.52176855870545	8.46886640477673	-0.261818648489256	15.8541823851993	0.0683506296246841
"V422"	-1.52795482995131	0.485625087283244	-2.30258509299405	0.693565776565534	1	0.192776056556186	-4.75060673177168	2.78047783212422	11.1313322610417	-0.145935424826985	3.23196288617988	0.0680767709597426
"V423"	-0.19148687051721	-0.0739895811343075	-2.30258509299405	0.833683220974359	1	0.224815252760349	-0.762937714879761	2.50845601040117	7.33269537497107	-0.316190854703432	20	0.0850389379213265
"V424"	-0.110060017701304	0.298887959265325	-2.30258509299405	0.715999312741632	1	0.117228422037736	0.635509253325773	2.4062978177248	2.46187312326403	-2.07075271868426	0.1	0.108126822979366
"V425"	-0.936540007914934	0.236871545931347	-2.30258509299405	0.687364023676376	1	0.103502611540406	0.698309938117672	2.42264738117788	6.15706214452994	-0.634641773623192	20	0.040529813405165
"V426"	0.257295190270846	0.190787306074739	-2.30258509299405	0.461353060931233	1	0.246819196968053	-9.48826712749952	4.57807965438283	18.1492080980959	-0.0786630014521977	4.7840949496496	0.059583612874518
"V427"	-1.86475423426371	0.233473254998333	-2.30258509299405	0.788624309524365	1	0.159608589179532	0.792507987468205	2.33822206746909	-0.449014575043229	-0.938725125585072	0.1	0.193237275919548
"V428"	-1.02851445455882	0.186552460192216	-2.30258509299405	0.273685739246225	1	0.136109573972068	0.929776362053419	2.28350959465438	6.25667655672747	-0.654490146005082	20	0.134831607452106
"V429"	-1.31850642490275	0.26825983375325	-2.30258509299405	0.92203889036392	1	0.161872074742701	-2.02868207001638	2.65769198610917	9.76737397893842	-0.193732253477012	6.38741760190477	0.0731907061674861
"V430"	0.497707007314755	0.00219819293099592	-2.30258509299405	0.493440502644378	1	0.24544545990751	-1.13200059028658	3.01353973648476	9.06194791778484	-0.228661495484208	18.6307731296459	0.0488527926377663
"V431"	-0.903524727639084	0.0593534036920445	-2.30258509299405	0.721228795205687	1	0.113848406484825	-1.33160219005831	2.48102562401457	9.25459504342381	-0.347699008093683	20	0.0877468460534127
"V432"	-1.51204641876079	0.258374109541836	-2.30258509299405	0.696322331237924	1	0.148752241033096	-3.65811686837685	2.21516207090598	13.187120303078	-0.236422087489818	16.6070812412937	0.274970739529078
"V433"	-0.15825521725586	-0.0656969111385183	-2.30258509299405	1.13007234682976	1	0.282601172012094	-0.827512833158796	2.47561890107696	6.55220465553122	-0.342761185323309	20	0.103488870016558
"V434"	-1.58956696457241	0.339675733596533	-2.30258509299405	0.813121565573999	1	0.176457828791027	-2.03888010290681	2.51864795538254	7.81258454514412	-0.210505213048662	3.10653435761396	0.158301410184704
"V435"	-0.780298783036058	-0.0869528350036966	-2.30258509299405	0.974448086101753	1	0.217349023413302	-0.679357234110762	2.55658669725211	7.36668666303399	-0.316839103925081	20	0.0921690717221643
"V436"	-0.915662790822205	0.189523624965932	-2.30258509299405	0.550233878594862	1	0.123066270831591	-10.8071288202557	2.39214026544549	4.84895323306219	-0.329008452889314	0.1	0.31287138562304
"V437"	-0.401415963003864	0.288965569241103	-2.30258509299405	0.311029725118438	1	0.113815562199189	-3.07813797082162	2.43913898719508	11.3803019811323	-0.263989537750776	9.5615227033002	0.318929031912802
"V438"	-1.25646809646717	0.343541554985888	-2.30258509299405	0.453441908078721	1	0.11933037379162	0.233167429986709	2.29633083832831	6.17155922291659	-0.736929349570487	20	0.0198322771746947
"V439"	-1.75533034855542	0.280493754691428	-2.30258509299405	0.470501103190693	1	0.113209618028696	0.283076347370129	2.30359493484058	4.38424716617082	-1.06103305959864	0.849757398036477	0.0528021125303189
"V440"	-0.70325782876643	0.0889626609572366	-2.30258509299405	0.339121478590013	1	0.0715600348742824	-0.169570276255898	2.46644148684261	3.96221739592842	-2.26285597996552	0.1	0.0795292077537164
"V441"	-1.76059315979711	-0.0222293584870418	-2.30258509299405	0.39324318980352	1	0.108256248301228	-19.6830242246758	2.23303510129854	9.10876548224963	-0.294470387695338	0.1	0.287945754101799
"V442"	-0.393537534447453	0.35519845066187	-2.30258509299405	1.2314945778886	1	0.141868391617868	0.51653897053288	2.44688705869349	5.92195461185565	-0.489816700722056	20	0.0284648220526509
"V443"	-1.07212583226832	0.414110586038205	-2.30258509299405	0.410654190181874	1	0.145407992642813	0.396097915738818	2.17535039109776	3.76992676677429	-0.959218592775543	0.950418336439312	0.0293721816485395
"V444"	-0.393469237133553	0.0267901684044369	-2.30258509299405	0.523925358140892	1	0.1031622272874	-3.68341138502749	2.4953656724996	8.02036153738077	-0.279478207331697	1.76158657865928	0.172463077291018
"V445"	0.547970789753551	0.473075882820036	-2.30258509299405	1.33066041412395	1	0.152442141299553	0.634912058746485	2.27286925805397	5.45477867640145	-0.60583666470786	20	-1.38250938926591e-05
"V446"	-0.228101198847931	0.112392008116766	-2.30258509299405	0.447751274470663	1	0.0845733208584725	0.70128700191282	2.50533898859171	8.00641128037058	-0.455524221244701	20	0.240328197457798
"V447"	0.348810544284263	0.415597083231491	-2.30258509299405	0.632799299663556	1	0.183983428022126	0.22683459144464	2.4185838364405	7.90614677744989	-0.310351869531804	20	0.0905634637245394
"V448"	-0.355512072027464	0.212695090870105	-2.30258509299405	0.335737007467811	1	0.105326931461385	1.95428115429203	2.46900047229167	5.39768860123729	-0.656192689646153	20	0.275418694765589
"V449"	-1.44217715985602	0.00257502050670073	-2.30258509299405	0.215104953779436	1	0.118409139122966	-4.52410426782531	2.8130694036329	4.58409577366737	0	0.100755726694002	0.332191530283335
"V450"	-1.09643014658321	-0.512809695164203	-2.30258509299405	-0.0339763768365011	1	0.0531778543657519	-4.44652913631062	3.24353246948766	4.55952100145594	0	0.150768299819872	0.18658958028411
"V451"	-1.28225410983506	0.663366446950503	-2.30258509299405	0.647736009938677	1	0.128320520589442	0.267269089110473	2.2190686263569	2.91949565161951	-2.61555126636465	0.1	-0.00563875437355846
"V452"	1.04059283582205	0.13635107252014	-2.30258509299405	0.64463217801549	1	0.199443084009287	-5.57775473208203	3.04107599951182	10.5256651903596	-0.140143404532984	2.78381645766952	0.0429719149207694
"V453"	-0.41484029059142	0.821593732886958	-2.30258509299405	1.33314426991715	1	0.12243553544929	-1.7854228558083	2.51561952696674	6.6751844704473	-0.276233437450142	1.22396848759971	0.371889745210097
"V454"	1.53713770637005	0.260643243636298	-2.30258509299405	0.73915973962426	1	0.258325012912464	-1.57242939487495	16.4847499043496	20.203032493884	-0.0346733323095456	8.83955325735774	0.0519505026803211
"V455"	-2.05736402483009	0.0171860873433472	-2.30258509299405	0.604516284867056	1	0.101887144749991	2.02213013521941	2.28074417841003	3.220024953743	-100	20	0.196191223346315
"V456"	-0.15583972593381	0.0230903307372005	-2.30258509299405	0.858231746637326	1	0.135331519697494	-6.39086887158188	2.64106389496713	14.6302532270077	-0.156103781105975	5.86456126017338	0.115090968943489
"V457"	-1.71650285993875	0.0944220717619153	-2.30258509299405	0.168333266213948	1	0.1057022669986	-0.17882480863791	2.38199281007034	3.54762677174204	-1.28310737858762	0.1	0.149470905123405
"V458"	-1.1814752354593	-0.150509410787569	-2.30258509299405	-0.264535516143495	1	0.150190819148768	1.01976114350628	2.12878783230788	3.30000929688988	-9.19615021144507	0.1	0.102632285955579
"V459"	1.80696638476469	0.351976545186929	-2.30258509299405	0.123034013513339	1	0.0914393056689874	1.12344482551286	3.23645445379129	-0.550328571542396	-1.02930519228354	0.1	0.131778801160995
"V460"	0.522172055737359	0.453551662728983	-2.30258509299405	1.37545590202984	1	0.170596418608377	-2.29514205002693	2.81327279646723	11.2503645703475	-0.180458738828769	10.8829019849144	0.0797735461885283
"V461"	0.238524815314606	-0.13593113231533	-2.30258509299405	0.483001395872451	1	0.0858438046752543	-3.1221532872004	2.58976556328887	10.4197522002755	-0.287388923784357	10.8109052918218	0.0505399326321116
"V462"	-0.9287447604035	0.188332121212164	-2.30258509299405	0.44017134023896	1	0.0904319494863548	0.964103668628367	2.37304708726055	5.55578647600087	-1.19420033349121	20	0.0988739085490624
"V463"	-0.916901144693685	-0.0997180489436428	-2.30258509299405	0.525571108991372	1	0.112866585398135	0.633430634188917	2.41630005673908	6.8073879785444	-0.483666615147889	20	0.102845961770643
"V464"	-0.3847311599858	0.153855406393854	-2.30258509299405	0.938038613150439	1	0.150265461252292	-0.318874561126908	2.41031585338706	4.72395178245606	-0.445539830612958	3.30290835560411	0.0441545840502356
"V465"	-2.54545255084244	0.0862009815595608	-2.30258509299405	0.748886150543305	1	0.101719526353358	-54.8180923950892	2.13899374319471	15.2282244199927	-0.183654252293378	0.332881348244582	0.242504096511899
"V466"	-0.230774794640169	-0.158577020192605	-2.30258509299405	0.185587283719211	1	0.090400321487749	1.82432435346228	2.47509947082225	6.10836245511275	-0.485233574970986	20	0.253437684460177
"V467"	-0.994006784257477	-0.12475633027912	-2.30258509299405	0.136840547185699	1	0.0945258521672169	-3.0838521145788	2.40542352521083	4.01008425605441	-0.881993935048041	0.110421226460274	0.104457973562246
